1 ./mix104-perceptron-bingo_dpc3-next_line-next_line-lru-4core.txt
2.16099
2.06521
2.04403
1.73832
1.62879
1.55798
1.46288
1.57478
1.45925
1.92715
1.98799
1.56698
1.59477
1.458
1.46025
2.16871
2.04799
2.26112
1.77876
2.1668
2.07763
1.47332
1.4648
2.15694
2.09352
1.44324
1.45915
2.11136
2.09655
0.331711
0.303979
0.721987
1.28871
2.1176
2.0996
0.300051
96.1891
5.6957
84.552
99.2761
0.447682
266.273
92.358
10.1834
84.1215
98.1466
2.31027
70.9405
0.300051
1.26247
2.09973
1.45712
0.300051
1.57478
2.04403
1.45925
2 ./mix104-perceptron-ipcp-ipcp-ipcp-lru-4core.txt
2.17113
2.07626
2.0611
1.73509
1.62548
1.56676
1.47185
1.46965
1.46589
1.98635
2.02653
1.46497
1.46814
1.33545
1.45464
2.1686
2.0743
2.10348
1.63124
2.16672
2.09757
1.48116
1.47267
2.14434
2.10706
1.45638
1.46841
2.11158
2.10783
0.699192
1.21163
2.11694
2.10916
0.299829
0.274279
1.456
1.46584
0.272002
96.1891
5.6957
86.5655
99.2856
0.435181
264.885
92.2885
10.3511
84.1402
98.1466
2.31225
70.2018
0.272002
1.18481
2.1098
1.46538
0.272002
1.46589
2.0611
1.46965
3 ./mix104-perceptron-no-no-no-lru-4core.txt
1.94825
1.83815
1.77085
1.27652
1.17943
1.17199
1.01489
0.912746
1.67314
1.74485
0.821329
2.16821
1.87345
1.17343
1.17619
2.16622
1.94171
1.18811
1.18033
2.14494
1.98045
0.642443
0.743639
0.373584
0.343132
0.344351
96.1891
5.6957
86.1736
99.2663
0.344957
232.903
92.5061
9.8344
84.127
98.1416
2.30889
91.1324
0.344351
0.769362
2.00132
1.18403
0.344351
0.821329
1.77085
1.17199
4 ./mix104-perceptron-no-spp_dev-no-lru-4core.txt
2.13878
2.0413
2.00797
1.68791
1.57752
1.48838
1.39212
1.5295
1.39176
1.86035
1.93904
1.37522
1.46129
1.3892
1.39055
2.1683
2.0139
1.83787
1.57451
2.16641
2.05146
1.40365
1.3951
2.14497
2.07009
1.37058
1.38867
2.1114
2.07705
0.771746
1.23956
0.303334
0.277539
2.11674
2.08275
1.37654
1.38616
0.276118
96.1891
5.6957
86.612
99.2879
0.432232
273.1
92.3055
10.3091
84.1567
98.1476
2.30966
82.6811
0.276118
1.21286
2.08559
1.38612
0.276118
1.5295
2.00797
1.39176
5 ./mix104-perceptron-pangloss-pangloss-no-lru-4core.txt
2.13363
2.03555
2.01393
1.73001
1.62004
1.55546
1.46021
1.49292
1.45898
1.94676
1.98642
1.45977
1.45998
1.31713
1.44082
2.16871
2.04692
2.10491
1.62025
2.16665
2.07677
1.47435
1.46497
2.14984
2.09145
1.45977
1.46362
2.11121
2.0948
0.304311
0.278456
2.11719
2.09804
0.657496
1.17372
1.45346
1.46152
0.275455
96.1891
5.6957
86.1927
99.2731
0.451909
265.577
92.2995
10.3237
84.1412
98.1462
2.31235
70.917
0.275455
1.14479
2.09978
1.46079
0.275455
1.49292
2.01393
1.45898
6 ./mix104-perceptron-sangam_dpc3-sangam_dpc3-sangam_dpc3-lru-4core.txt
2.15731
2.06127
2.03605
1.74906
1.63988
1.56977
1.47496
1.55102
1.47114
1.89327
1.96665
1.44185
1.5265
1.46438
1.46925
2.16865
2.03323
2.34443
1.73951
2.16653
2.0663
1.47741
1.4721
2.14602
2.08227
1.45261
1.467
2.11135
2.08719
0.751151
1.29636
2.1174
2.09155
1.45341
1.46418
0.29603
0.270749
0.270994
96.1891
5.6957
86.765
99.2994
0.416504
265.576
92.2914
10.3442
84.1459
98.1468
2.31203
69.8155
0.270994
1.24996
2.09423
1.46493
0.270994
1.55102
2.03605
1.47114
7 ./mix104-perceptron-team_12-team_12-team_12-lru-4core.txt
2.13895
2.04144
2.00892
1.73911
1.63001
1.49968
1.40358
1.55789
1.40156
1.85128
1.93374
1.45156
1.52841
1.39694
1.40001
2.16863
2.0103
2.09854
1.6895
2.16628
2.04867
1.40587
1.40205
2.14743
2.06831
1.38553
1.39773
2.11148
2.07557
0.767748
1.28783
2.11701
2.08152
0.295419
0.270181
1.39583
1.39734
0.268985
96.1891
5.6957
86.4763
99.2996
0.416525
268.866
92.2891
10.3499
84.1497
98.1479
2.30993
81.2429
0.268985
1.24011
2.08533
1.39699
0.268985
1.55789
2.00892
1.40156
8 ./mix104-perceptron-T_SKID190509.021-spp.021-no.021-lru-4core.txt
2.18689
2.0931
2.08334
1.75281
1.64349
1.56634
1.47127
1.47029
1.45108
2.05183
2.07052
1.46313
1.46688
1.22071
1.38419
2.16873
2.10402
2.16689
2.12002
1.77786
1.50085
1.478
1.47075
2.15552
2.12725
1.45788
1.46739
2.11174
2.12458
2.11745
2.12354
1.44409
1.46254
0.68637
1.14716
0.290953
0.266039
2.11526
2.12248
0.262437
96.1891
5.6957
86.1802
99.2803
0.442024
265.271
92.2633
10.4119
84.163
98.1488
2.3097
70.2512
0.262437
1.12158
2.12246
1.46248
0.262437
1.45108
2.08334
1.47029
9 ./mix106-perceptron-bingo_dpc3-next_line-next_line-lru-4core.txt
1.6793
1.58848
1.51921
0.834029
0.776854
1.40043
1.48267
0.783852
0.706935
0.636474
0.631168
2.1679
1.66534
2.16545
1.77069
0.868808
0.822682
0.371648
0.333954
2.1304
1.83413
0.648532
0.64285
0.327859
99.9815
0.0472933
129.177
99.898
0.0107679
326.991
99.9751
0.00437659
342.297
92.5202
9.86363
84.0737
0.327859
0.6402
0.831521
1.86957
0.327859
0.631168
0.783852
1.51921
10 ./mix106-perceptron-ipcp-ipcp-ipcp-lru-4core.txt
1.73682
1.64701
1.58653
0.845702
0.765873
1.47685
1.55198
0.767074
2.16741
1.72162
0.577487
0.532172
0.536057
2.16601
1.81769
0.783957
0.775415
2.13259
1.87439
2.11099
1.9108
2.11712
1.93825
0.53263
0.532413
0.735837
0.761173
2.11466
1.95898
0.221029
0.197389
2.09777
1.97369
2.09191
1.98504
0.196712
99.9815
0.0472935
128.373
99.8985
0.0107887
331.502
99.975
0.00438345
341.898
92.1453
10.7344
84.0375
0.196712
0.749861
0.529538
1.98606
0.196712
0.767074
0.536057
1.58653
11 ./mix106-perceptron-no-no-no-lru-4core.txt
1.60981
1.51729
1.42526
1.25867
1.36783
0.695661
0.625504
0.62635
2.16738
1.56874
2.16543
1.68865
0.388858
0.355629
2.10849
1.76048
0.353955
0.635693
0.630901
2.1103
1.81154
2.11667
1.85031
2.11419
1.88009
0.592732
0.617073
2.09503
1.90206
2.08564
1.91916
0.347932
0.351536
2.10397
1.93478
0.163371
0.145816
2.13121
1.94991
0.578285
0.60657
2.1348
1.96311
0.145857
99.9815
0.0473645
134.512
99.8985
0.01079
349.419
99.9749
0.00440668
92.0266
11.0365
83.8977
0.145857
0.605795
0.350849
1.97049
0.145857
0.62635
0.353955
1.42526
12 ./mix106-perceptron-no-spp_dev-no-lru-4core.txt
1.55248
1.46021
1.37004
0.839391
0.759765
0.755123
1.26087
1.34701
0.672748
0.622486
0.629341
2.16679
1.55063
2.16599
1.67309
0.754213
0.756793
2.11549
1.74798
0.670811
0.647018
2.11127
1.80066
2.1158
1.8405
0.719639
0.743439
0.244842
0.21907
2.11476
1.87129
0.659674
0.651327
0.216308
99.9815
0.0473298
127.55
99.8985
0.0107904
349.434
99.9749
0.00440841
346.436
92.2153
10.5733
84.1329
0.216308
0.734144
0.652593
1.89292
0.216308
0.755123
0.629341
1.37004
13 ./mix106-perceptron-pangloss-pangloss-no-lru-4core.txt
1.87315
1.7869
1.73322
1.67102
1.72339
0.768575
0.693809
0.69847
0.629087
0.580966
2.16832
1.85551
0.585423
2.16611
1.92669
2.13047
1.96519
0.699471
0.696818
2.11155
1.98863
0.606301
0.594031
2.11658
2.00625
2.11477
2.0194
0.6633
0.68478
0.233519
0.208731
2.10153
2.02832
0.207527
99.9815
0.0473095
129.998
99.8983
0.0108048
339.253
99.975
0.00439009
344.832
92.1586
10.7046
84.0378
0.207527
0.678507
0.590897
2.03388
0.207527
0.69847
0.585423
1.73322
14 ./mix106-perceptron-sangam_dpc3-sangam_dpc3-sangam_dpc3-lru-4core.txt
1.63285
1.54144
1.46907
0.771476
0.696496
1.35082
1.43391
0.681829
0.631056
0.693846
0.644977
2.16768
1.62477
2.1664
1.73662
0.414202
0.372888
0.743546
0.720828
2.13356
1.80543
0.365952
99.9815
0.0472986
129.235
99.8985
0.0107231
314.732
99.9748
0.00442204
341.346
92.6664
9.54401
84.0767
0.365952
0.717631
0.670326
1.80851
0.365952
0.693846
0.644977
1.46907
15 ./mix106-perceptron-team_12-team_12-team_12-lru-4core.txt
1.56262
1.47045
1.38586
0.841211
0.761525
0.756169
1.26545
1.35387
0.648798
0.59971
0.607179
2.1669
1.55656
2.16525
1.6781
0.775168
0.768743
2.11512
1.75227
0.642025
0.621261
2.11116
1.80443
0.279875
0.250555
2.11736
1.84403
0.711556
0.747833
0.24721
99.9815
0.047294
131.423
99.8982
0.0108189
341.771
99.975
0.00438815
345.162
92.3035
10.3623
84.1002
0.24721
0.743136
0.625326
1.86506
0.24721
0.756169
0.607179
1.38586
16 ./mix106-perceptron-T_SKID190509.021-spp.021-no.021-lru-4core.txt
1.83615
1.74876
1.69663
1.58938
1.66028
0.815846
0.737912
0.74357
2.1685
1.80726
0.571014
0.526067
0.536274
2.16689
1.88799
0.781376
0.760477
2.13857
1.93442
0.338776
0.303978
2.11174
1.96243
0.300766
99.9815
0.0472899
127.569
99.8986
0.0107307
317.9
99.975
0.00439041
342.667
92.4009
10.1356
84.0818
0.300766
0.749133
0.534339
1.97768
0.300766
0.74357
0.536274
1.69663
17 ./mix108-perceptron-bingo_dpc3-next_line-next_line-lru-4core.txt
2.14908
2.07826
2.07259
1.80734
1.73171
1.67587
1.60085
1.66523
1.569
1.17909
1.11065
1.10844
91.5068
9.4132
45.4433
99.9805
0.050128
125.974
99.1997
0.459437
177.355
94.4826
6.0714
83.1956
1.10844
1.66363
1.61015
2.00904
1.10844
1.66523
1.569
2.07259
18 ./mix108-perceptron-ipcp-ipcp-ipcp-lru-4core.txt
2.1474
2.07648
2.06643
1.71701
1.64287
1.59609
1.42453
1.34402
1.18149
1.11302
1.22158
1.11236
91.5068
9.4132
45.5288
99.9806
0.0498679
124.699
99.1854
0.48822
174.501
94.4569
6.11248
83.2107
1.11236
1.22765
1.51318
2.03126
1.11236
1.22158
1.59609
2.06643
19 ./mix108-perceptron-no-no-no-lru-4core.txt
1.92856
1.84822
1.80172
1.19661
1.12793
1.12561
0.942282
0.874668
1.69074
1.76135
0.809438
2.16813
1.8837
1.08816
1.10664
2.16633
1.9491
0.465855
0.424457
0.441249
91.7909
9.14846
47.1171
99.9815
0.047766
129.208
99.2135
0.423407
222.247
92.7508
9.37217
84.0779
1.11274
0.441249
0.732173
1.97531
1.12561
0.441249
0.809438
1.80172
20 ./mix108-perceptron-no-spp_dev-no-lru-4core.txt
2.11262
2.03994
2.02718
1.56975
1.49336
1.47566
1.17585
1.10746
1.10779
1.86928
1.94587
0.958231
0.888607
0.842712
91.5559
9.39263
45.7975
99.9815
0.0477028
126.59
99.2183
0.415193
200.616
93.7365
7.35804
83.6136
1.09438
0.842712
1.42807
1.98637
1.10779
0.842712
1.47566
2.02718
21 ./mix108-perceptron-pangloss-pangloss-no-lru-4core.txt
2.15386
2.08329
2.0769
1.72814
1.65428
1.59339
1.17806
1.10966
1.10709
2.00852
2.04302
0.925328
0.856445
0.824072
91.5539
9.39151
45.8216
99.9815
0.0476752
123.231
99.2379
0.381577
179.879
93.592
7.62801
83.6276
1.09532
0.824072
1.54003
2.0734
1.10709
0.824072
1.59339
2.0769
22 ./mix108-perceptron-sangam_dpc3-sangam_dpc3-sangam_dpc3-lru-4core.txt
2.14536
2.07434
2.06759
1.74639
1.6693
1.71583
1.64165
1.61436
1.59201
1.18827
1.1197
1.11819
91.5068
9.4132
45.4623
99.9802
0.051003
127.16
99.1973
0.464125
174.939
94.549
5.96331
83.2307
1.11819
1.64941
1.6064
1.98932
1.11819
1.61436
1.59201
2.06759
23 ./mix108-perceptron-team_12-team_12-team_12-lru-4core.txt
2.12717
2.05521
2.0426
1.7285
1.65481
1.65458
1.3964
1.31646
1.16698
1.09872
1.17465
1.09656
91.5068
9.4132
45.6299
99.9825
0.0450207
124.856
99.1978
0.457517
183.322
94.5775
5.91841
83.1496
1.09656
1.16147
1.6105
1.93423
1.09656
1.17465
1.65458
2.0426
24 ./mix108-perceptron-T_SKID190509.021-spp.021-no.021-lru-4core.txt
2.17425
2.10477
2.10259
1.75253
1.67926
1.64352
1.56418
1.56011
1.40532
1.17672
1.10832
1.10861
91.5068
9.4132
45.4665
99.9795
0.0528461
127.246
99.1852
0.488621
174.476
94.379
6.23923
83.414
1.10861
1.44352
1.50683
2.07452
1.10861
1.40532
1.56011
2.10259
25 ./mix110-perceptron-bingo_dpc3-next_line-next_line-lru-4core.txt
1.91076
1.80871
1.83031
1.70377
1.81134
1.70674
1.81888
1.81415
1.70848
1.70631
1.93341
1.85411
1.70894
1.70723
0.56467
0.5219
0.526011
2.03134
1.89696
1.70722
1.70723
0.389437
0.342301
1.97317
1.91215
1.71593
1.70902
0.344954
97.3413
0.445442
307.063
99.7864
0.240757
191.293
97.6637
0.843608
236.846
99.8912
0.0761165
347.297
0.344954
1.70941
1.92511
0.585071
0.344954
1.70674
1.81134
0.526011
26 ./mix110-perceptron-ipcp-ipcp-ipcp-lru-4core.txt
1.97028
1.87068
1.84224
1.71593
1.87723
1.71848
1.85365
1.86149
1.71978
1.71801
1.94527
1.88993
1.72115
1.71911
1.9982
1.91682
0.440076
0.387745
1.71608
1.71832
0.434767
0.399359
0.399483
1.97045
1.92761
0.383264
97.3413
0.445448
308.347
99.7764
0.251813
190.659
97.6966
0.828998
237.808
99.8986
0.10122
349.673
0.383264
1.71887
1.93044
0.399093
0.383264
1.71848
1.87723
0.399483
27 ./mix110-perceptron-no-no-no-lru-4core.txt
1.98142
1.88235
1.86761
1.59003
1.46214
1.45719
1.76476
1.81733
1.38909
1.42176
1.82385
1.81961
1.3962
1.41269
1.84655
1.82651
0.422426
0.372092
1.89708
1.84059
0.369809
1.41521
1.41334
1.88554
1.8481
1.41686
1.41407
1.87885
1.85252
0.262581
0.239242
1.41164
1.41365
0.239889
97.3155
0.457097
321.109
99.7762
0.252736
195.141
97.5634
0.884059
236.87
99.8966
0.1017
350.091
0.354004
1.41394
1.85691
0.239889
0.369809
1.45719
1.86761
0.239889
28 ./mix110-perceptron-no-spp_dev-no-lru-4core.txt
1.82697
1.70022
1.78074
1.67441
1.70305
1.67606
1.70574
1.7032
1.61662
1.64288
1.70471
1.70373
1.76187
1.68258
0.55781
0.515401
0.525787
1.69957
1.70265
1.76393
1.70291
0.397367
0.349472
1.81095
1.72407
0.352443
97.3426
0.445221
319.724
99.7832
0.24435
192.13
97.7083
0.823347
238.807
99.8912
0.0762866
347.836
0.352443
1.70468
1.72536
0.595516
0.352443
1.70305
1.67606
0.525787
29 ./mix110-perceptron-pangloss-pangloss-no-lru-4core.txt
1.91813
1.81641
1.84502
1.71885
1.81206
1.72068
1.7328
1.77054
1.7212
1.72012
1.83277
1.7918
1.72176
1.7207
0.460847
0.423841
1.8701
1.81143
1.71664
1.71964
0.422065
0.371788
0.426093
1.84646
1.81853
0.364312
97.3433
0.445194
311.695
99.7797
0.248185
191.549
97.7069
0.824506
238.761
99.8976
0.0929908
348.514
0.364312
1.72026
1.81784
0.442311
0.364312
1.72068
1.81206
0.426093
30 ./mix110-perceptron-sangam_dpc3-sangam_dpc3-sangam_dpc3-lru-4core.txt
1.94311
1.84237
1.84413
1.71789
1.8405
1.71923
1.76995
1.80277
1.71908
1.71853
1.83518
1.81396
1.72113
1.71944
0.546177
0.504362
0.509717
1.85977
1.8256
1.71573
1.71848
0.394652
0.347085
1.85306
1.83118
1.72472
1.71976
0.34653
97.3425
0.445275
305.616
99.7859
0.24131
191.341
97.6798
0.836567
237.758
99.8914
0.0766867
347.216
0.34653
1.72001
1.83473
0.580211
0.34653
1.71923
1.8405
0.509717
31 ./mix110-perceptron-team_12-team_12-team_12-lru-4core.txt
1.89706
1.79437
1.83112
1.70451
1.79436
1.70714
1.73439
1.76166
1.7059
1.70526
1.87475
1.79958
1.70872
1.70647
0.553984
0.511773
0.518401
1.92551
1.83058
1.70605
1.70636
0.401178
0.35285
1.88585
1.84168
0.353792
97.3419
0.445376
316.27
99.783
0.244525
191.817
97.6929
0.830811
237.497
99.892
0.0778807
347.482
0.353792
1.70795
1.85234
0.576474
0.353792
1.70714
1.79436
0.518401
32 ./mix110-perceptron-T_SKID190509.021-spp.021-no.021-lru-4core.txt
2.05295
1.95745
1.83435
1.70791
1.9446
1.71141
1.8802
1.9152
1.71553
1.71201
1.96086
1.93091
1.7184
1.71425
0.496819
0.457705
2.01296
1.9515
0.456228
1.71236
1.71376
0.417196
0.367207
2.00826
1.96291
0.367541
97.3419
0.445371
304.121
99.7779
0.250274
191.751
97.6772
0.837165
236.901
99.8972
0.0916794
348.655
0.367541
1.7147
1.96928
0.456623
0.367541
1.71141
1.9446
0.456228
33 ./mix118-perceptron-bingo_dpc3-next_line-next_line-lru-4core.txt
1.48484
1.36842
1.24856
1.18758
1.29736
1.15277
0.784379
0.722976
0.702035
1.13169
1.15728
0.806577
0.993609
0.849526
0.785117
1.18747
1.16756
1.21365
1.0612
1.1889
1.17298
0.698653
0.752792
1.14458
1.16706
0.208378
0.189706
1.2154
1.175
0.179781
99.3496
0.409682
260.107
96.7094
4.878
98.1038
99.8896
0.0725138
347.533
99.6656
0.0187486
49.0438
0.662294
0.179781
0.658746
1.2249
1.29736
0.179781
0.702035
1.15277
34 ./mix118-perceptron-ipcp-ipcp-ipcp-lru-4core.txt
1.53859
1.42251
1.25358
1.19266
1.25483
1.1658
0.67534
0.618647
1.14291
1.16576
0.613463
0.634154
0.850177
1.175
1.16894
0.830155
0.715501
0.913439
0.871376
1.19886
1.1765
0.696277
0.708712
1.14003
1.16885
0.222834
0.203028
1.14503
1.16473
0.190465
99.3372
0.421582
257.698
96.7094
4.878
100.486
99.886
0.073635
347.39
99.6617
0.0205913
46.1767
0.671675
0.190465
0.634203
1.17022
1.25483
0.190465
0.613463
1.1658
35 ./mix118-perceptron-no-no-no-lru-4core.txt
1.03411
0.971417
0.951689
0.888511
0.791735
0.677521
0.90469
0.934861
0.420506
0.37975
0.37876
0.320986
0.29405
0.912449
0.926973
0.295385
99.2259
0.39517
223.391
96.7094
4.878
99.3705
99.8967
0.0886315
349.168
99.8453
0.0104519
17.6515
0.507963
0.295385
0.378704
0.928558
0.677521
0.295385
0.37876
0.951689
36 ./mix118-perceptron-no-spp_dev-no-lru-4core.txt
1.48368
1.36798
1.23375
1.09237
1.02956
1.01192
0.733275
0.674007
0.659684
0.960266
0.991623
0.661827
0.867104
0.837987
0.752207
1.02753
1.00378
0.953891
0.895728
0.726351
0.74303
0.954022
0.990484
0.20982
0.191033
0.895693
0.969486
0.181882
99.3472
0.413218
268.034
96.7094
4.878
100.426
99.8898
0.072851
348.118
99.6569
0.0241624
46.4
0.66352
0.181882
0.660879
0.93465
1.23375
0.181882
0.659684
1.01192
37 ./mix118-perceptron-pangloss-pangloss-no-lru-4core.txt
1.51183
1.39535
1.26748
1.15698
1.09481
1.07687
0.648361
0.592896
0.58928
1.04722
1.06905
0.649782
0.860557
0.829845
0.698944
1.05987
1.06585
0.935939
0.885617
1.08951
1.07184
0.233404
0.21279
0.648999
0.680765
1.02381
1.06165
0.207333
99.3328
0.425586
257.765
96.7094
4.878
100.353
99.8787
0.0726374
346.982
99.7755
0.0156049
46.4918
0.722703
0.207333
0.647327
1.0534
1.26748
0.207333
0.58928
1.07687
38 ./mix118-perceptron-sangam_dpc3-sangam_dpc3-sangam_dpc3-lru-4core.txt
1.50641
1.39022
1.2446
1.18351
1.27495
1.1459
0.830847
0.767906
0.757996
1.13845
1.15919
0.657919
0.86742
0.936685
0.849202
1.20492
1.17463
0.977059
0.903015
1.20405
1.18207
0.813192
0.836352
1.16394
1.17831
1.2142
1.18426
0.548898
0.736941
1.6784
1.23715
0.171636
0.155938
1.7246
1.28314
0.3113
0.604376
0.153518
99.3333
0.415273
264.523
96.7094
4.878
101.104
99.8834
0.0634657
345.85
99.6749
0.0153244
52.7132
0.605605
0.153518
0.734068
1.31121
1.27495
0.153518
0.757996
1.1459
39 ./mix118-perceptron-team_12-team_12-team_12-lru-4core.txt
1.47917
1.36312
1.229
1.14609
1.08349
1.06883
0.704149
0.646145
0.636499
1.0987
1.0915
0.647373
0.852675
1.15224
1.11181
0.806512
0.722467
0.968893
0.890181
1.19133
1.13124
0.689321
0.710612
1.1291
1.1308
0.206322
0.187813
0.993404
1.10484
0.177053
99.3465
0.414313
262.314
96.7094
4.878
99.9557
99.8905
0.0743299
347.872
99.6619
0.0204449
49.3515
0.643871
0.177053
0.618077
1.09648
1.229
0.177053
0.636499
1.06883
40 ./mix118-perceptron-T_SKID190509.021-spp.021-no.021-lru-4core.txt
1.50935
1.39284
1.28999
1.22957
1.20762
1.16829
0.706222
0.648006
1.20588
1.2169
0.639897
0.616999
0.828574
1.2347
1.22301
0.680612
0.664931
1.25348
1.23071
0.870466
0.842824
1.23916
1.23243
0.237417
0.216493
0.568046
0.627779
1.24953
1.2353
0.197402
99.3299
0.428272
257.552
96.7094
4.878
100.32
99.8748
0.0722171
347.143
99.6627
0.0199983
46.7681
0.681278
0.197402
0.59918
1.25277
1.16829
0.197402
0.639897
1.20762
41 ./mix130-perceptron-bingo_dpc3-next_line-next_line-lru-4core.txt
2.47206
2.34822
2.26082
2.16328
2.34565
2.16547
1.78669
1.67682
1.71532
2.38548
2.36853
2.14649
2.15412
2.01597
1.84489
2.387
2.37505
2.19345
2.16781
2.29429
1.98122
2.17839
2.32023
2.19895
2.17584
2.29246
2.31442
2.12092
2.16426
0.40861
0.376168
2.30741
2.31321
2.09066
2.15129
0.360067
97.6433
0.8501
236.774
97.0833
3.99481
49.7799
96.7094
4.878
96.8468
99.3422
0.412975
260.54
2.1513
2.31233
0.360067
1.38122
2.16547
2.34565
0.360067
1.71532
42 ./mix130-perceptron-ipcp-ipcp-ipcp-lru-4core.txt
2.47378
2.35018
2.27841
2.18244
2.34724
2.18496
1.79157
1.68187
1.6807
2.38548
2.36943
2.1566
2.16831
1.86607
1.77685
2.38867
2.37621
2.19645
2.17814
2.20413
1.90669
2.16862
2.31814
2.19133
2.18156
2.29246
2.31277
2.12623
2.16989
2.30741
2.31185
2.09441
2.15658
0.349164
0.320372
0.714544
1.32989
2.31946
2.31296
0.315403
97.5925
0.869987
236.635
97.0732
4.02159
49.6525
96.7094
4.878
98.9876
99.2777
0.449996
265.615
2.15108
2.3142
0.315403
1.30291
2.18496
2.34724
0.315403
1.6807
43 ./mix130-perceptron-no-no-no-lru-4core.txt
2.47256
2.34892
2.19982
2.09698
2.34619
2.09868
2.38548
2.36885
1.08224
0.975223
2.09568
2.09627
0.885817
2.38808
2.37563
2.12541
2.10644
2.13224
2.30673
2.14274
2.11578
2.29246
2.30376
0.718946
0.817513
2.13716
2.12016
0.42135
0.388161
2.30741
2.30438
0.388795
97.6784
0.833905
238.504
97.0973
3.96509
49.723
96.7094
4.878
98.2846
99.2637
0.335913
227.918
2.12316
2.30371
0.388795
0.85089
2.09868
2.34619
0.388795
0.885817
44 ./mix130-perceptron-no-spp_dev-no-lru-4core.txt
2.47249
2.34874
2.21878
2.11748
2.34606
2.12137
1.72097
1.60945
1.62441
2.38548
2.36877
2.09577
2.10562
1.63918
1.62541
2.38799
2.37555
2.13654
2.11641
2.19362
2.32509
1.88151
1.70702
2.13862
2.12215
2.29246
2.31824
1.99284
2.09407
2.30741
2.31638
0.360606
0.33108
1.94753
2.06742
0.802726
1.32038
2.31946
2.31683
0.320829
97.6133
0.862316
237.661
97.0718
4.02262
49.63
96.7094
4.878
98.9567
99.2953
0.437374
273.547
2.06332
2.31708
0.320829
1.31829
2.12137
2.34606
0.320829
1.62441
45 ./mix130-perceptron-pangloss-pangloss-no-lru-4core.txt
2.47362
2.34988
2.24161
2.14227
2.34706
2.13983
1.77634
1.66582
1.6686
2.38548
2.3693
2.07758
2.10659
1.83027
1.75103
2.38867
2.37613
2.1235
2.11252
2.15411
1.87424
2.19772
2.3267
2.1031
2.11005
2.29246
2.31951
2.05228
2.09785
2.30741
2.31742
0.36822
0.338231
1.98157
2.07697
2.31946
2.31772
0.691372
1.29723
0.329425
97.615
0.861845
237.617
97.0693
4.02341
49.621
96.7094
4.878
98.8214
99.3318
0.415613
263.968
2.07391
2.31684
0.329425
1.3057
2.13983
2.34706
0.329425
1.6686
46 ./mix130-perceptron-sangam_dpc3-sangam_dpc3-sangam_dpc3-lru-4core.txt
2.47249
2.34874
2.25935
2.16161
2.34606
2.16469
1.79152
1.68192
1.72335
2.38548
2.36877
2.12514
2.14162
1.97058
1.82682
2.38749
2.37537
2.1679
2.1508
2.38116
1.98952
2.16477
2.3164
2.13668
2.14711
2.29246
2.31139
2.08229
2.13338
2.30741
2.31071
0.767036
1.4067
2.04274
2.11729
0.351802
0.322838
2.31946
2.31199
0.316007
97.5981
0.867937
236.949
97.072
4.02302
49.6507
96.7094
4.878
99.2938
99.2812
0.440668
264.778
2.1128
2.31307
0.316007
1.35479
2.16469
2.34606
0.316007
1.72335
47 ./mix130-perceptron-team_12-team_12-team_12-lru-4core.txt
2.47262
2.34884
2.25038
2.15183
2.34614
2.15399
1.78612
1.67662
1.69386
2.38548
2.36882
2.11926
2.13399
1.85198
1.76722
2.38792
2.37555
2.14987
2.13956
2.08935
1.86841
2.19562
2.32568
2.13284
2.13781
2.29246
2.31871
2.03756
2.11629
2.30741
2.31676
0.354103
0.324994
2.04203
2.10319
0.796311
1.38403
2.31946
2.31716
0.319734
97.5978
0.868183
236.627
97.0701
4.02488
49.6173
96.7094
4.878
98.9249
99.2769
0.44627
267.934
2.09974
2.31721
0.319734
1.34973
2.15399
2.34614
0.319734
1.69386
48 ./mix130-perceptron-T_SKID190509.021-spp.021-no.021-lru-4core.txt
2.47393
2.35027
2.29722
2.20302
2.34733
2.20371
1.79474
1.68508
1.63459
2.38548
2.36947
2.16585
2.18265
1.60195
1.63902
2.38867
2.37624
2.17863
2.18123
2.17813
2.321
1.81054
1.69544
2.20716
2.18793
2.29246
2.31502
2.16398
2.18293
2.30741
2.31371
2.10498
2.16917
0.357424
0.328105
2.31946
2.31455
0.698615
1.2367
2.10819
2.16004
0.315806
97.5948
0.869013
235.921
97.0732
4.0215
49.654
96.7094
4.878
98.7649
99.3333
0.415269
262.049
2.16006
2.31567
0.315806
1.24577
2.20371
2.34733
0.315806
1.63459
49 ./mix132-perceptron-bingo_dpc3-next_line-next_line-lru-4core.txt
2.19556
2.10268
2.10122
1.76283
1.67606
1.67583
2.10153
2.10206
0.983778
0.912286
0.912454
1.58391
1.62523
2.16871
2.12502
1.99446
1.7377
2.16689
2.13576
0.911026
0.911615
0.44921
0.414328
1.65038
1.7142
2.16288
2.1413
0.415009
98.536
1.81976
92.6867
92.6244
9.56654
84.1588
96.1891
5.6957
83.7932
86.1363
15.9318
30.6267
1.71136
2.13946
0.415009
0.913374
1.67583
2.10122
0.415009
0.912454
50 ./mix132-perceptron-ipcp-ipcp-ipcp-lru-4core.txt
2.19397
2.10103
2.0988
1.76586
1.67925
1.67884
2.11037
2.10609
0.985027
0.91353
0.913545
1.58894
1.62947
2.16865
2.12767
1.99472
1.74091
2.16672
2.13769
0.910939
0.912149
1.65294
1.71724
2.16205
2.14267
0.413272
0.38042
0.380929
98.5114
1.85083
93.0648
92.539
9.7603
84.1082
96.1891
5.6957
85.4793
86.1595
15.9432
30.7602
1.70293
2.13806
0.380929
0.915073
1.67884
2.0988
0.380929
0.913545
51 ./mix132-perceptron-no-no-no-lru-4core.txt
1.98624
1.87828
1.75837
1.67142
1.83057
1.67212
0.976528
0.905329
1.79883
1.83436
0.905522
1.57841
1.62011
2.16825
1.93935
1.9934
1.7336
2.16633
1.99368
0.904906
0.905104
1.6447
1.70966
2.14588
2.02331
0.407839
0.375301
0.375314
98.5076
1.85498
93.244
92.5737
9.68199
84.1148
96.1891
5.6957
85.6716
86.1557
15.9546
30.7528
1.69337
2.03222
0.375314
0.908363
1.67212
1.83057
0.375314
0.905522
52 ./mix132-perceptron-no-spp_dev-no-lru-4core.txt
2.17108
2.07621
2.06793
1.75987
1.67295
1.67298
2.06135
2.06813
0.978772
0.907486
0.907609
1.58029
1.62184
2.16841
2.10231
1.99375
1.73498
2.16633
2.1186
0.906245
0.906825
1.64564
1.71092
2.15904
2.12682
0.416286
0.383256
0.383589
98.5138
1.84803
93.1151
92.5519
9.73142
84.117
96.1891
5.6957
85.573
86.148
15.9499
30.7353
1.69762
2.12455
0.383589
0.909693
1.67298
2.06793
0.383589
0.907609
53 ./mix132-perceptron-pangloss-pangloss-no-lru-4core.txt
2.19113
2.09779
2.09424
1.76873
1.68222
1.68124
2.09055
2.09386
0.983397
0.911867
0.911827
1.58209
1.62687
2.16871
2.11958
1.99404
1.73881
2.16672
2.13164
0.907924
0.909763
0.435456
0.401345
1.65639
1.71668
2.16323
2.13809
0.402274
98.5247
1.83155
92.7349
92.5945
9.63438
84.1439
96.1891
5.6957
85.2499
86.1447
15.9292
30.7588
1.70899
2.13596
0.402274
0.911923
1.68124
2.09424
0.402274
0.911827
54 ./mix132-perceptron-sangam_dpc3-sangam_dpc3-sangam_dpc3-lru-4core.txt
2.19416
2.10111
2.0951
1.76275
1.67595
1.67528
2.09214
2.09623
0.982398
0.910928
0.91108
1.58517
1.6259
2.16865
2.12113
1.99424
1.73814
2.16681
2.13283
0.909337
0.91008
1.64821
1.71391
2.16248
2.13888
0.426623
0.393007
0.393541
98.5205
1.83772
92.8061
92.5717
9.68598
84.1201
96.1891
5.6957
85.5568
86.1509
15.9337
30.8141
1.70285
2.13591
0.393541
0.912541
1.67528
2.0951
0.393541
0.91108
55 ./mix132-perceptron-team_12-team_12-team_12-lru-4core.txt
2.18223
2.08829
2.08011
1.76183
1.67501
1.67505
2.07387
2.08044
0.979439
0.908112
0.908211
1.58347
1.62453
2.16835
2.11052
1.99418
1.7371
2.16633
2.12476
0.906486
0.907246
1.64812
1.71314
2.16052
2.13205
0.42464
0.39113
0.391539
98.5188
1.84025
92.9348
92.5701
9.68989
84.1463
96.1891
5.6957
85.33
86.1478
15.9352
30.7501
1.70176
2.12969
0.391539
0.909759
1.67505
2.08011
0.391539
0.908211
56 ./mix132-perceptron-T_SKID190509.021-spp.021-no.021-lru-4core.txt
2.20577
2.1136
2.11195
1.76586
1.67906
1.67751
2.1118
2.11262
0.982907
0.911338
0.911426
1.58423
1.62671
2.1688
2.13204
1.99378
1.73863
2.16689
2.141
0.909446
0.91033
1.65356
1.71576
2.16552
2.14602
0.418186
0.385065
0.385905
98.5143
1.84705
92.8871
92.5493
9.736
84.097
96.1891
5.6957
85.507
86.1501
15.942
30.6883
1.70345
2.14149
0.385905
0.912748
1.67751
2.11195
0.385905
0.911426
57 ./mix135-perceptron-bingo_dpc3-next_line-next_line-lru-4core.txt
2.57131
2.54845
2.54766
2.24589
2.1776
2.18246
1.87141
1.79604
1.7328
1.67127
1.80426
1.67942
99.9818
0.0467104
121.335
97.6757
0.83967
245.521
98.1158
2.3023
121.007
99.5361
0.884292
340.798
1.81037
2.18546
1.67942
2.5466
1.80426
2.18246
1.67942
2.54766
58 ./mix135-perceptron-ipcp-ipcp-ipcp-lru-4core.txt
2.57191
2.54918
2.54845
2.26424
2.19702
2.20089
1.73746
1.67609
1.64283
1.56177
1.6838
1.58097
99.9815
0.047543
121.481
97.6815
0.83627
245.487
98.1172
2.29977
120.349
99.5361
0.884608
340.852
1.58097
2.20225
1.67676
2.54876
1.58097
2.20089
1.6838
2.54845
59 ./mix135-perceptron-no-no-no-lru-4core.txt
2.46613
2.4333
2.43321
2.186
2.11417
2.11678
1.72909
1.66743
1.67593
2.43647
2.43497
2.12461
2.11969
0.839256
0.774391
1.58307
1.62194
2.43698
2.43567
0.78827
99.9815
0.0476583
127.15
97.8132
0.781735
246.186
98.2255
2.23081
106.397
99.5361
0.886454
341.543
0.78827
2.12997
1.64374
2.43608
0.78827
2.11678
1.67593
2.43321
60 ./mix135-perceptron-no-spp_dev-no-lru-4core.txt
2.568
2.54476
2.54421
2.2311
2.16188
2.16683
1.73272
1.67118
1.67934
2.54408
2.5444
1.12119
1.04475
2.1766
2.16966
1.04565
99.9815
0.0475957
124.731
97.8208
0.779078
248.272
98.1417
2.32286
111.279
99.5361
0.885897
340.927
1.04565
2.16995
1.6388
2.54477
1.04565
2.16683
1.67934
2.54421
61 ./mix135-perceptron-pangloss-pangloss-no-lru-4core.txt
2.57073
2.54787
2.54673
2.24759
2.17942
2.18188
1.74013
1.67888
1.67185
1.59245
1.68633
1.60229
99.9815
0.0475737
122.442
97.6756
0.838998
245.331
98.1197
2.29717
120.833
99.5361
0.88451
341.064
1.60229
2.18109
1.68189
2.54605
1.60229
2.18188
1.68633
2.54673
62 ./mix135-perceptron-sangam_dpc3-sangam_dpc3-sangam_dpc3-lru-4core.txt
2.57212
2.54939
2.54857
2.26147
2.19412
2.19705
1.81284
1.73571
1.73735
1.67596
1.74308
1.68369
99.9822
0.0458094
123.963
97.6763
0.839318
245.715
98.1158
2.3023
120.876
99.5361
0.88434
341.008
1.74817
2.19915
1.68369
2.54899
1.74308
2.19705
1.68369
2.54857
63 ./mix135-perceptron-team_12-team_12-team_12-lru-4core.txt
2.57052
2.54756
2.54675
2.26702
2.20003
2.20305
1.73555
1.67411
1.682
1.50475
1.42292
1.42718
99.9815
0.0475582
123.815
97.7164
0.821529
245.566
98.1183
2.2932
118.315
99.5361
0.885013
340.823
1.42718
2.20338
1.66417
2.54598
1.42718
2.20305
1.682
2.54675
64 ./mix135-perceptron-T_SKID190509.021-spp.021-no.021-lru-4core.txt
2.57235
2.5497
2.5491
2.28838
2.22273
2.22431
1.8033
1.72557
1.73626
1.67484
1.73784
1.68266
99.9821
0.0459166
121.665
97.6861
0.835269
244.627
98.1158
2.3023
120.823
99.5361
0.884387
340.845
1.74272
2.22327
1.68266
2.54943
1.73784
2.22431
1.68266
2.5491
65 ./mix138-perceptron-bingo_dpc3-next_line-next_line-lru-4core.txt
2.05166
2.01233
1.99634
1.71565
1.63277
1.57944
1.18635
1.11199
1.10923
0.964871
0.904949
0.902845
91.4688
9.39526
45.2768
99.9751
0.00435396
340.815
99.2049
0.435477
178.939
86.1527
16.139
30.5236
1.08919
1.67653
1.44096
0.902845
1.10923
1.99634
1.57944
0.902845
66 ./mix138-perceptron-ipcp-ipcp-ipcp-lru-4core.txt
1.73723
1.65495
1.71566
1.65719
1.59168
1.57096
1.19482
1.12037
1.11665
0.968419
0.90841
0.907196
91.4826
9.38501
45.4622
99.9754
0.00431204
341.446
99.2152
0.43332
175.65
86.1527
16.139
30.6788
1.10446
1.36437
1.40414
0.907196
1.11665
1.57096
1.59168
0.907196
67 ./mix138-perceptron-no-no-no-lru-4core.txt
1.21657
1.14176
1.13795
1.06355
0.983685
0.963906
0.904048
0.904115
0.894077
0.738165
0.683681
0.668265
91.7075
9.2282
46.4134
99.9749
0.00438915
348.432
99.167
0.533491
220.059
86.108
16.142
30.6953
1.11963
0.668265
0.814063
0.905156
1.13795
0.668265
0.894077
0.904115
68 ./mix138-perceptron-no-spp_dev-no-lru-4core.txt
1.72817
1.671
1.59026
1.50517
1.63182
1.48278
1.18518
1.11081
1.10527
0.960854
0.901043
0.899102
91.4742
9.39039
45.5138
99.975
0.00437255
347.648
99.2131
0.435851
199.046
86.1527
16.139
30.6636
1.09066
1.45715
1.38248
0.899102
1.10527
1.63182
1.48278
0.899102
69 ./mix138-perceptron-pangloss-pangloss-no-lru-4core.txt
1.75651
1.67479
1.63608
1.57468
1.62856
1.47045
1.19242
1.11804
1.11359
0.968248
0.908249
0.907709
91.4778
9.38812
45.4423
99.9751
0.00436043
343.177
99.212
0.422948
177.277
86.1527
16.139
30.6573
1.10174
1.2875
1.49577
0.907709
1.11359
1.47045
1.62856
0.907709
70 ./mix138-perceptron-sangam_dpc3-sangam_dpc3-sangam_dpc3-lru-4core.txt
2.01126
1.96896
1.93168
1.74031
1.65807
1.59691
1.18522
1.11089
1.10553
0.963709
0.903808
0.902841
91.4699
9.39354
45.3813
99.9753
0.00432065
341.867
99.2177
0.430246
175.791
86.1527
16.139
30.7486
1.09069
1.56406
1.40873
0.902841
1.10553
1.93168
1.59691
0.902841
71 ./mix138-perceptron-team_12-team_12-team_12-lru-4core.txt
1.82195
1.76892
1.74243
1.66041
1.69035
1.63
1.1736
1.0994
1.09331
0.962007
0.902166
0.901287
91.4724
9.38741
45.5096
99.9751
0.00436984
345.406
99.2146
0.418461
185.823
86.1527
16.139
30.6308
1.08043
1.42024
1.50258
0.901287
1.09331
1.69035
1.63
0.901287
72 ./mix138-perceptron-T_SKID190509.021-spp.021-no.021-lru-4core.txt
1.836
1.78312
1.76941
1.688
1.67863
1.59357
1.18999
1.11559
1.11151
0.966452
0.906485
0.905389
91.4776
9.3885
45.368
99.9752
0.00434684
341.721
99.2129
0.436137
175.558
86.1527
16.139
30.6337
1.09868
1.41322
1.39114
0.905389
1.11151
1.67863
1.59357
0.905389
73 ./mix140-perceptron-bingo_dpc3-next_line-next_line-lru-4core.txt
2.47074
2.34891
2.25243
2.15569
2.34649
2.04263
1.98965
2.14767
1.97504
2.38548
2.36882
2.07276
2.10983
1.76325
1.8616
2.38713
2.37527
2.12054
2.11359
1.73499
1.81539
2.11427
2.30099
2.14906
2.12271
2.29246
2.29922
1.73221
1.79312
2.1507
2.12843
2.30741
2.30062
1.70092
1.77337
2.12561
2.12795
0.342007
0.313591
2.31946
2.30336
0.311657
99.9751
0.00434845
341.302
97.0691
4.02795
49.6436
96.1891
5.6957
84.239
97.5936
0.869823
236.083
1.76707
2.30513
0.311657
2.12879
1.97504
2.34649
0.311657
2.14767
74 ./mix140-perceptron-ipcp-ipcp-ipcp-lru-4core.txt
2.47217
2.35061
2.27462
2.1799
2.34789
2.17788
1.82755
1.75718
1.69212
2.38548
2.3696
2.11087
2.14185
2.38867
2.37632
1.2951
1.47522
2.14019
2.14127
2.13834
2.30912
2.16998
2.14867
1.30034
1.40912
2.29246
2.30564
2.15682
2.15035
2.30741
2.30595
2.17057
2.15378
1.2948
1.37766
2.31946
2.30792
0.331489
0.303768
2.15698
2.15425
0.30192
99.9751
0.00434676
341.409
97.0611
4.03831
49.5718
96.1891
5.6957
86.3597
97.5932
0.869763
236.751
1.36525
2.30924
0.30192
2.15448
1.69212
2.34789
0.30192
2.17788
75 ./mix140-perceptron-no-no-no-lru-4core.txt
2.47069
2.34902
2.20098
2.09998
2.34656
2.10129
2.38548
2.36887
2.09106
2.09513
2.38808
2.37563
0.756728
0.684997
2.1165
2.1026
0.666513
2.11573
2.3017
2.12518
2.10843
2.29246
2.29978
2.12248
2.11132
0.392501
0.360881
2.30741
2.30108
2.11319
2.11164
0.35951
99.975
0.00430116
344.658
97.0833
3.99637
49.7892
96.1891
5.6957
85.9595
97.6537
0.845419
238.451
0.623849
2.30126
0.35951
2.11169
0.666513
2.34656
0.35951
2.10129
76 ./mix140-perceptron-no-spp_dev-no-lru-4core.txt
2.47051
2.34872
2.21769
2.11798
2.34634
2.11339
1.73609
1.66122
1.64961
2.38548
2.36873
2.01618
2.06144
1.52534
1.58558
2.38721
2.37524
2.05203
2.05811
2.17027
2.31799
1.51432
1.55998
2.05265
2.05669
2.29246
2.31265
2.05062
2.05543
1.51624
1.54843
2.30741
2.31175
2.05162
2.05478
2.31946
2.31288
0.319498
0.292587
1.50481
1.53926
2.03722
2.05219
2.32885
2.31491
0.289964
99.9751
0.00435
347.147
97.0625
4.03727
49.5968
96.1891
5.6957
86.5154
97.5867
0.872475
237.218
1.537
2.31495
0.289964
2.05184
1.64961
2.34634
0.289964
2.11339
77 ./mix140-perceptron-pangloss-pangloss-no-lru-4core.txt
2.4718
2.35002
2.22587
2.12675
2.34747
2.11831
1.57707
1.49385
1.42979
2.38548
2.36933
2.03996
2.0787
2.38867
2.37615
2.09467
2.08429
1.16158
1.29534
2.18026
2.3216
2.10569
2.08982
2.29246
2.3155
1.1566
1.24332
2.10112
2.09215
2.30741
2.3141
0.358657
0.329167
2.09851
2.09323
2.31946
2.31489
0.327779
99.975
0.00434727
341.577
97.0706
4.02372
49.6345
96.1891
5.6957
85.636
97.6218
0.859124
238.05
1.21804
2.31445
0.327779
2.09297
1.42979
2.34747
0.327779
2.11831
78 ./mix140-perceptron-sangam_dpc3-sangam_dpc3-sangam_dpc3-lru-4core.txt
2.47116
2.34939
2.25534
2.15882
2.34689
2.03209
1.978
2.15005
1.94349
2.38548
2.36904
2.04832
2.09735
1.58502
1.74608
2.38784
2.37566
2.08276
2.09219
2.12261
2.30384
1.57856
1.68375
2.11406
2.09784
2.29246
2.30147
2.11385
2.10113
1.57759
1.65495
2.30741
2.30249
2.11308
2.10317
2.31946
2.30496
1.54822
1.63183
0.319633
0.292717
2.10708
2.10374
2.32885
2.30799
0.290786
99.9751
0.0043467
341.348
97.0621
4.03704
49.5879
96.1891
5.6957
86.3825
97.579
0.875688
236.584
1.62262
2.30786
0.290786
2.10297
1.94349
2.34689
0.290786
2.15005
79 ./mix140-perceptron-team_12-team_12-team_12-lru-4core.txt
2.47077
2.34898
2.2492
2.15219
2.34656
2.14782
1.82245
1.75252
1.72134
2.38548
2.36885
2.06782
2.10552
1.44089
1.5706
2.38767
2.37548
2.09301
2.1011
2.18038
2.32117
2.10251
2.10147
1.43447
1.52028
2.29246
2.31516
2.11011
2.10325
2.30741
2.31382
1.43891
1.49837
2.10291
2.10319
2.31946
2.31465
0.328022
0.300535
2.08403
2.10037
1.39629
1.47619
0.298224
99.9751
0.00433899
344.856
97.063
4.03534
49.5987
96.1891
5.6957
86.134
97.5836
0.873734
236.327
1.47479
2.31581
0.298224
2.10083
1.72134
2.34656
0.298224
2.14782
80 ./mix140-perceptron-T_SKID190509.021-spp.021-no.021-lru-4core.txt
2.47204
2.35016
2.28188
2.1876
2.34758
2.18311
1.68363
1.60486
1.54005
2.38548
2.3694
2.11216
2.14596
2.38867
2.37619
2.15377
2.1487
1.2239
1.37549
2.15902
2.31528
2.17994
2.15675
2.29246
2.31052
1.16426
1.29361
2.16692
2.15884
2.30741
2.30998
2.17761
2.16203
2.31946
2.31137
0.325618
0.298301
1.18725
1.26432
2.16278
2.16214
0.29661
99.9751
0.00433837
341.741
97.0645
4.03304
49.6129
96.1891
5.6957
85.5599
97.5789
0.875456
235.588
1.25491
2.31321
0.29661
2.16279
1.54005
2.34758
0.29661
2.18311
81 ./mix142-perceptron-bingo_dpc3-next_line-next_line-lru-4core.txt
1.69761
1.61831
1.6107
1.23158
1.1782
1.15064
1.49967
1.55281
1.14664
1.16138
1.98564
1.68018
0.505526
0.459782
0.504945
0.444113
0.460058
0.439543
98.5062
1.85642
93.0488
97.3352
0.445178
299.929
96.3019
8.57862
50.0099
99.8195
0.0122653
17.5785
1.65632
0.439543
0.459986
1.16468
1.6107
0.439543
0.460058
1.15064
82 ./mix142-perceptron-ipcp-ipcp-ipcp-lru-4core.txt
1.70968
1.6309
1.62728
1.21489
1.1612
1.12807
1.52165
1.57077
1.11247
1.13503
1.98241
1.69303
0.534495
0.470823
0.465188
1.60607
1.6697
1.14047
1.1369
1.63103
1.66162
0.307477
0.276967
1.14783
1.13968
1.84328
1.68997
0.275815
98.7215
1.57292
98.7817
97.3179
0.457914
306.839
96.3029
8.57202
51.0868
99.8781
0.00825465
16.9267
1.68464
0.437098
0.275815
1.13939
1.62728
0.465188
0.275815
1.12807
83 ./mix142-perceptron-no-no-no-lru-4core.txt
1.71589
1.63731
1.62954
0.862297
0.809635
1.51672
1.57072
0.793865
1.98558
1.69379
0.475204
0.417609
1.60702
1.67052
0.77758
0.792442
0.412762
1.62839
1.6617
1.84765
1.69066
0.777769
0.78732
1.52889
1.66504
0.374281
0.393125
1.61239
1.65816
0.792856
0.788732
1.70588
1.6634
1.61286
1.65814
0.785746
0.788121
1.66505
1.65877
1.49675
1.64379
0.363786
0.382338
0.126544
0.113036
1.53675
1.63495
0.593786
0.746701
1.52492
1.62649
0.112375
98.6377
1.70597
101.891
97.4683
0.422701
321.372
96.3024
8.57653
55.1659
99.6644
0.0195901
45.2871
1.63283
0.378184
0.112375
0.731377
1.62954
0.412762
0.112375
0.793865
84 ./mix142-perceptron-no-spp_dev-no-lru-4core.txt
1.69861
1.61938
1.61097
1.02435
0.969648
0.950058
1.50237
1.55481
1.9825
1.68092
0.526164
0.463452
0.940391
0.954026
0.457697
1.58974
1.65641
1.61504
1.64775
0.945906
0.95121
1.84484
1.67827
0.243348
0.218343
0.956065
0.95245
1.51527
1.65242
0.415252
0.436209
0.217988
98.6449
1.68774
100.286
97.3822
0.44188
319.565
96.3003
8.57263
53.08
99.8837
0.00787362
17.5087
1.6384
0.433815
0.217988
0.952393
1.61097
0.457697
0.217988
0.950058
85 ./mix142-perceptron-pangloss-pangloss-no-lru-4core.txt
1.71996
1.64146
1.63985
1.15459
1.1003
1.08441
1.5325
1.5815
1.98672
1.70225
1.07448
1.08656
0.505812
0.445075
0.440163
1.61342
1.6784
1.08367
1.08556
1.62795
1.6678
0.32891
0.296511
0.296983
98.6961
1.60774
99.1078
97.3174
0.455979
314.924
96.3022
8.57174
51.3594
99.8644
0.00918805
17.753
1.6889
0.419749
0.296983
1.08604
1.63985
0.440163
0.296983
1.08441
86 ./mix142-perceptron-sangam_dpc3-sangam_dpc3-sangam_dpc3-lru-4core.txt
1.68212
1.6023
1.5955
1.23868
1.1854
1.15029
1.50107
1.54669
1.14177
1.16203
1.98524
1.6754
0.523271
0.46076
0.456008
0.422853
0.383048
1.58711
1.65169
1.17289
1.16575
0.382069
98.5202
1.84271
92.7857
97.3142
0.452748
303.582
96.303
8.57192
50.4005
99.8412
0.0107759
17.5015
1.64222
0.44537
0.382069
1.1665
1.5955
0.456008
0.382069
1.15029
87 ./mix142-perceptron-team_12-team_12-team_12-lru-4core.txt
1.69731
1.61808
1.6115
1.15195
1.0975
1.08433
1.50606
1.55636
1.98066
1.68164
1.08547
1.09113
0.521679
0.459369
0.453473
1.5963
1.65876
1.0999
1.09414
0.350975
0.316743
1.62641
1.65202
0.31616
98.6238
1.70543
99.0269
97.3169
0.456
314.206
96.3023
8.5716
50.9663
99.8578
0.00964205
17.3982
1.65937
0.434978
0.31616
1.09518
1.6115
0.453473
0.31616
1.08433
88 ./mix142-perceptron-T_SKID190509.021-spp.021-no.021-lru-4core.txt
1.70755
1.62882
1.62402
1.27202
1.21923
1.19313
1.51656
1.56699
1.18692
1.20201
1.98429
1.69062
0.52903
0.466037
0.460954
1.59942
1.66611
1.21053
1.20493
0.349114
0.315168
1.62889
1.65834
0.314179
98.6192
1.71054
98.8664
97.3176
0.455921
301.016
96.3028
8.57374
50.9394
99.8702
0.00879637
17.3846
1.6644
0.439589
0.314179
1.20723
1.62402
0.460954
0.314179
1.19313
89 ./mix146-perceptron-bingo_dpc3-next_line-next_line-lru-4core.txt
1.75445
1.636
1.55643
1.18664
1.12556
1.0815
1.48923
1.55301
2.16854
1.72518
1.10132
1.11259
2.16689
1.82178
0.40354
0.346701
1.15859
1.1281
2.13417
1.87854
0.350488
2.11154
1.91469
1.16433
1.1372
2.11757
1.94188
2.11526
1.96238
1.16271
1.14233
2.09939
1.97697
2.08623
1.98755
1.27766
1.16326
2.11353
1.99853
0.327501
0.335998
1.69175
1.21852
0.173262
0.157408
2.13199
2.00915
1.74249
1.26682
2.13573
2.01846
0.154297
92.038
10.9766
83.9278
97.3792
0.439774
307.321
99.6738
0.0156839
53.9288
96.1891
5.6957
85.5923
2.02064
0.326087
1.28393
0.154297
1.55643
0.350488
1.0815
0.154297
90 ./mix146-perceptron-ipcp-ipcp-ipcp-lru-4core.txt
1.68873
1.56869
1.48577
1.1507
1.08919
1.04225
1.44965
1.50182
2.16765
1.68364
1.07056
1.07924
2.16633
1.78723
0.411653
0.35388
2.12982
1.84861
1.13225
1.09703
0.358161
2.11167
1.88887
1.13361
1.10621
2.11663
1.91904
2.11519
1.942
1.13136
1.11126
2.10337
1.95899
2.09073
1.97161
0.352095
0.352908
1.13641
1.11545
2.10722
1.98338
2.13243
1.99516
1.42093
1.15139
2.13537
2.00541
0.150437
0.1365
1.3879
1.17681
2.13369
2.01416
2.10844
2.02024
1.43084
1.2008
0.134311
91.9936
11.0934
83.9113
97.3913
0.439229
308.426
99.6771
0.0147059
55.1715
96.1891
5.6957
87.8804
2.02161
0.339638
1.20211
0.134311
1.48577
0.358161
1.04225
0.134311
91 ./mix146-perceptron-no-no-no-lru-4core.txt
1.40334
1.28196
1.17503
0.737645
0.682084
0.667444
1.10122
1.1772
2.16661
1.40235
2.16457
1.54375
0.384952
0.330692
0.739458
0.711317
2.09184
1.63202
0.332401
2.10975
1.6978
2.11677
1.74836
0.751024
0.724582
2.11402
1.78778
2.08681
1.81722
0.203144
0.184853
0.758866
0.733101
2.07607
1.84053
0.18592
92.1542
10.6756
84.0679
97.3945
0.435439
321.602
99.8731
0.00857034
17.1416
96.1891
5.6957
87.517
1.84237
0.335347
0.733163
0.18592
1.17503
0.332401
0.667444
0.18592
92 ./mix146-perceptron-no-spp_dev-no-lru-4core.txt
1.64489
1.52403
1.43954
0.949681
0.888665
0.867997
1.37264
1.43804
2.16761
1.63104
0.923747
0.90691
2.166
1.74302
0.422598
0.363666
2.12246
1.80981
0.367435
0.955815
0.923268
2.11145
1.85516
2.11553
1.88913
2.1139
1.91509
0.957814
0.931913
2.09795
1.93415
0.378571
0.371614
2.09032
1.94894
0.959705
0.937468
2.11085
1.96282
2.12825
1.97579
0.162122
0.147196
2.13371
1.98724
0.146052
92.0247
11.014
83.9274
97.3912
0.43937
319.75
99.6593
0.021824
47.6807
96.1891
5.6957
87.8882
1.99545
0.368863
0.84279
0.146052
1.43954
0.367435
0.867997
0.146052
93 ./mix146-perceptron-pangloss-pangloss-no-lru-4core.txt
1.74054
1.62145
1.53773
1.0752
1.01351
0.98366
1.44928
1.52331
2.16848
1.70129
1.02628
1.02024
2.16611
1.80188
2.13887
1.86246
0.373673
0.320587
1.06654
1.03581
2.111
1.90076
0.32476
2.11589
1.92942
1.05868
1.0416
2.11489
1.95123
2.1002
1.96701
1.06395
1.04609
2.09602
1.97939
0.196862
0.179081
2.11079
1.99082
1.16792
1.06496
0.17719
92.0952
10.8233
83.9687
97.3961
0.434807
316.392
99.6612
0.0209128
48.0885
96.1891
5.6957
87.2818
1.99556
0.318666
1.0705
0.17719
1.53773
0.32476
0.98366
0.17719
94 ./mix146-perceptron-sangam_dpc3-sangam_dpc3-sangam_dpc3-lru-4core.txt
1.69425
1.57417
1.49452
1.19612
1.13514
1.08404
1.43845
1.49755
1.10287
1.11781
2.16727
1.68009
2.16648
1.7843
0.428747
0.368911
1.1704
1.13548
2.12335
1.84512
0.372674
2.11137
1.88581
1.17418
1.14519
2.1172
1.91641
2.11494
1.93962
1.17114
1.1504
2.09737
1.95626
2.07505
1.9677
1.27571
1.16992
0.355991
0.361777
2.11397
1.98034
1.73882
1.22827
2.13127
1.99225
1.70978
1.27374
2.13559
2.00272
1.73299
1.31289
2.13131
2.01148
0.137165
0.12437
1.70258
1.344
2.10587
2.01757
2.10387
2.02281
1.71103
1.37101
0.121959
91.9658
11.1627
83.8796
97.4423
0.427238
307.236
99.6881
0.0119955
62.0331
96.1891
5.6957
88.3321
2.02624
0.339465
1.38224
0.121959
1.49452
0.372674
1.08404
0.121959
95 ./mix146-perceptron-team_12-team_12-team_12-lru-4core.txt
1.64552
1.52462
1.42717
1.05442
0.992545
0.971429
1.36473
1.43355
2.16757
1.6273
1.00825
1.00081
2.16582
1.73983
0.405146
0.348232
2.12738
1.80781
0.354561
1.06042
1.02068
2.11157
1.85343
2.11723
1.8878
1.05851
1.03015
2.11518
1.91403
2.09647
1.93305
1.05198
1.03454
2.08901
1.94782
0.36198
0.355568
2.10573
1.96138
0.933655
1.0159
2.13018
1.97459
0.158572
0.143946
2.13181
1.986
1.02772
1.0176
2.13201
1.99587
0.141442
92.0144
11.0425
83.9369
97.387
0.438683
314.609
99.6676
0.0178794
51.303
96.1891
5.6957
87.0656
1.99841
0.348477
1.0164
0.141442
1.42717
0.354561
0.971429
0.141442
96 ./mix146-perceptron-T_SKID190509.021-spp.021-no.021-lru-4core.txt
1.82408
1.7078
1.6333
1.23064
1.16982
1.122
1.53489
1.60947
2.1688
1.76998
1.13873
1.15314
2.16689
1.85854
0.403334
0.346469
1.19768
1.16818
2.13157
1.90902
0.350381
2.11113
1.94082
1.20222
1.17675
2.11658
1.96465
2.11526
1.98265
1.19725
1.18089
2.08692
1.99392
1.29807
1.19928
2.0937
2.00362
2.11561
2.01345
0.332619
0.338803
1.55783
1.24074
2.13262
2.02299
1.55427
1.27331
2.13509
2.03129
2.13403
2.03838
1.5461
1.2991
0.139686
0.126674
2.10867
2.04297
1.56085
1.32151
2.10245
2.04662
0.124693
91.9692
11.1539
83.8825
97.3954
0.438414
305.147
99.6854
0.0125802
59.1541
96.1891
5.6957
88.4473
2.04846
0.323758
1.33652
0.124693
1.6333
0.350381
1.122
0.124693
97 ./mix147-perceptron-bingo_dpc3-next_line-next_line-lru-4core.txt
2.47077
2.34914
2.34669
1.3393
1.28167
1.23617
1.14287
2.38548
2.36893
1.27622
1.13939
2.38803
2.37566
1.27641
1.27888
2.18162
2.32166
1.0998
1.11933
2.29246
2.31554
0.450988
0.416016
1.28078
1.27954
0.415567
97.1205
3.93174
49.8837
91.7871
8.99034
46.966
99.8421
0.0106743
17.1576
96.1891
5.6957
83.8157
2.31454
1.12699
1.27966
0.415567
2.34669
1.13939
1.27622
0.415567
98 ./mix147-perceptron-ipcp-ipcp-ipcp-lru-4core.txt
2.47197
2.35057
2.34787
1.3268
1.26876
1.23633
1.14307
2.38548
2.36958
1.26328
1.13941
2.38867
2.37631
1.26526
1.26691
2.18199
2.32223
1.09791
1.11837
2.29246
2.31599
1.26839
1.26742
0.411791
0.379031
2.30741
2.31452
1.14187
1.12647
0.378106
97.0878
3.98425
49.7056
91.7405
9.03805
47.0287
99.8535
0.0098966
17.6156
96.1891
5.6957
85.6197
2.31317
1.12541
1.26764
0.378106
2.34787
1.13941
1.26328
0.378106
99 ./mix147-perceptron-no-no-no-lru-4core.txt
2.47057
2.349
2.34655
1.23002
1.13685
2.38548
2.36886
1.16032
1.09896
1.13352
1.09344
2.38798
2.37559
2.14493
2.31062
1.09765
1.11547
1.08774
1.09299
2.29246
2.30683
0.406978
0.374493
2.30741
2.30693
1.14319
1.125
1.07808
1.08778
0.37382
97.0887
3.98461
49.7464
91.7448
9.0411
47.1449
99.834
0.0112262
17.3689
96.1891
5.6957
85.6811
2.30638
1.12406
1.08768
0.37382
2.34655
1.13352
1.09344
0.37382
100 ./mix147-perceptron-no-spp_dev-no-lru-4core.txt
2.47061
2.34907
2.34661
1.26816
1.20855
1.23231
1.13912
2.38548
2.36889
1.20289
1.13564
2.38813
2.37567
1.20682
1.20763
2.18577
2.3229
1.09672
1.11596
2.29246
2.31652
0.413171
0.380327
1.20659
1.20727
2.30741
2.31495
1.14206
1.12494
0.37977
97.0901
3.98084
49.7297
91.7427
9.03614
47.1396
99.8467
0.0103643
17.6103
96.1891
5.6957
85.4303
2.31387
1.12406
1.20823
0.37977
2.34661
1.13564
1.20289
0.37977
101 ./mix147-perceptron-pangloss-pangloss-no-lru-4core.txt
2.472
2.35009
2.34757
1.30547
1.24713
1.23617
1.14282
2.38548
2.36936
1.2415
1.13934
2.38844
2.37609
1.24323
1.24506
2.20436
2.32864
1.09718
1.11785
2.29246
2.32105
0.439233
0.40493
1.24297
1.24434
0.404246
97.1095
3.94689
49.7922
91.7966
8.97395
47.2246
99.8421
0.0106736
18.4152
96.1891
5.6957
85.1904
2.31846
1.1257
1.24491
0.404246
2.34757
1.13934
1.2415
0.404246
102 ./mix147-perceptron-sangam_dpc3-sangam_dpc3-sangam_dpc3-lru-4core.txt
2.47073
2.34925
2.34676
1.3336
1.27572
1.23515
1.14194
2.38548
2.36898
1.26846
1.13838
2.38808
2.3757
1.26974
1.27255
2.13709
2.30831
1.10004
1.11906
2.29246
2.30501
1.27738
1.27422
0.426353
0.392748
2.30741
2.30542
1.14346
1.12747
0.392044
97.1018
3.95932
49.7528
91.7663
9.00994
47.0223
99.8494
0.0101756
17.1717
96.1891
5.6957
85.5973
2.30492
1.12714
1.27435
0.392044
2.34676
1.13838
1.26846
0.392044
103 ./mix147-perceptron-team_12-team_12-team_12-lru-4core.txt
2.47114
2.34964
2.34711
1.29497
1.23598
1.23183
1.13862
2.38548
2.36916
1.23245
1.13514
2.3884
2.37593
1.23785
1.23697
2.1988
2.32691
1.09514
1.11486
2.29246
2.31969
0.423718
0.390268
1.26054
1.24503
2.30741
2.31757
1.14053
1.1237
0.389655
97.0957
3.96915
49.7149
91.7631
9.01418
47.2103
99.8475
0.010307
17.6647
96.1891
5.6957
85.3952
2.31644
1.12319
1.24657
0.389655
2.34711
1.13514
1.23245
0.389655
104 ./mix147-perceptron-T_SKID190509.021-spp.021-no.021-lru-4core.txt
2.47214
2.35038
2.34779
1.35203
1.2943
1.23267
1.13928
2.38548
2.3695
1.28579
1.13633
2.38867
2.37625
1.28863
1.29129
2.1915
2.32499
1.09555
1.11538
2.29246
2.31817
1.2968
1.2932
0.419659
0.386458
2.30741
2.31632
1.13661
1.12271
0.385358
97.0924
3.97541
49.7092
91.7645
9.01349
47.0555
99.8537
0.00988147
16.8559
96.1891
5.6957
84.8438
2.31515
1.12216
1.29376
0.385358
2.34779
1.13633
1.28579
0.385358
105 ./mix149-perceptron-bingo_dpc3-next_line-next_line-lru-4core.txt
0.978317
0.906921
0.906467
0.788029
0.720276
0.728905
0.575763
0.518078
0.524017
0.906066
0.906465
0.719505
0.719864
0.335692
0.307695
0.915569
0.909608
0.30644
96.2878
8.62482
49.5911
86.1713
15.9599
30.5801
96.1891
5.6957
84.8632
98.496
1.6263
229.562
0.721895
0.909643
0.30644
0.472302
0.728905
0.906467
0.30644
0.524017
106 ./mix149-perceptron-ipcp-ipcp-ipcp-lru-4core.txt
0.980368
0.908966
0.909337
0.690143
0.627391
0.623698
0.908898
0.90893
0.465109
0.416285
0.421415
0.33455
0.306624
0.615683
0.621093
0.916761
0.911636
0.304494
96.289
8.60777
50.0156
86.1759
15.9598
30.714
96.1891
5.6957
86.6479
98.476
1.64207
230.577
0.61824
0.911773
0.304494
0.394172
0.623698
0.909337
0.304494
0.421415
107 ./mix149-perceptron-no-no-no-lru-4core.txt
0.974777
0.903609
0.903619
0.90373
0.903674
0.369423
0.339233
0.338247
0.309815
0.27534
0.910081
0.90589
0.281805
0.909742
0.90688
0.2274
0.20169
0.20219
96.2997
8.48498
55.0266
86.0403
16.2487
30.1613
96.1353
5.78794
84.726
98.5018
1.6095
234.344
0.20219
0.906278
0.337525
0.294859
0.20219
0.903619
0.338247
0.281805
108 ./mix149-perceptron-no-spp_dev-no-lru-4core.txt
0.975037
0.903828
0.904268
0.678148
0.615837
0.60618
0.90451
0.904191
0.414237
0.369906
0.374081
0.346319
0.317615
0.592302
0.603057
0.316407
96.2902
8.59713
50.7548
86.1611
15.9735
30.6637
96.1891
5.6957
85.4579
98.5124
1.57279
237.655
0.603835
0.906488
0.316407
0.355318
0.60618
0.904268
0.316407
0.374081
109 ./mix149-perceptron-pangloss-pangloss-no-lru-4core.txt
0.979276
0.907793
0.908119
0.591726
0.53478
0.544538
0.904233
0.905894
0.442329
0.395291
0.394482
0.34176
0.313372
0.315684
96.2914
8.57873
50.5015
86.1613
15.9729
30.7235
96.1891
5.6957
85.3795
98.4735
1.59545
237.103
0.531268
0.907846
0.315684
0.382907
0.544538
0.908119
0.315684
0.394482
110 ./mix149-perceptron-sangam_dpc3-sangam_dpc3-sangam_dpc3-lru-4core.txt
0.976727
0.90535
0.9061
0.807612
0.738996
0.732671
0.906331
0.905872
0.454151
0.405992
0.409514
0.699069
0.717153
0.323772
0.296575
0.914459
0.908837
0.293271
96.2873
8.62893
49.6681
86.1637
15.9919
30.7044
96.1891
5.6957
86.8315
98.4643
1.64623
229.803
0.71455
0.908947
0.293271
0.377188
0.732671
0.9061
0.293271
0.409514
111 ./mix149-perceptron-team_12-team_12-team_12-lru-4core.txt
0.975784
0.904518
0.905033
0.601959
0.544405
0.533618
0.497331
0.445797
0.905417
0.904997
0.450933
0.31964
0.292721
0.910933
0.90705
0.294196
96.2903
8.59125
50.4726
86.1694
15.9881
30.6296
96.1891
5.6957
86.4606
98.5007
1.61526
232.282
0.53264
0.907269
0.294196
0.418222
0.533618
0.905033
0.294196
0.450933
112 ./mix149-perceptron-T_SKID190509.021-spp.021-no.021-lru-4core.txt
0.977639
0.906186
0.906368
0.66653
0.605028
0.591608
0.551707
0.495714
0.49881
0.905564
0.905854
0.913198
0.908393
0.576666
0.589564
0.308736
0.282575
0.277654
96.2887
8.61082
50.1231
86.1633
16.0041
30.5729
96.1891
5.6957
86.3069
98.4913
1.65246
226.084
0.579504
0.908734
0.277654
0.439449
0.591608
0.906368
0.277654
0.49881
113 ./mix53-perceptron-bingo_dpc3-next_line-next_line-lru-4core.txt
2.46918
2.34718
2.22406
2.12483
2.34509
2.12569
2.38548
2.36802
2.12533
2.1251
2.38786
2.37501
2.17536
2.14253
0.665673
0.601999
0.611267
2.1704
2.31787
2.20001
2.1572
2.29246
2.31255
2.19866
2.16564
2.30741
2.31167
0.382413
0.351422
2.18952
2.16969
0.345248
97.0832
4.0022
49.762
96.1891
5.6957
84.5964
97.6155
0.86205
236.251
98.4897
1.67575
220.129
2.31223
0.345248
2.1695
0.560815
2.34509
0.345248
2.12569
0.611267
114 ./mix53-perceptron-ipcp-ipcp-ipcp-lru-4core.txt
2.47209
2.35053
2.26605
2.17055
2.34782
2.17467
2.38548
2.36956
2.15835
2.16391
2.38867
2.37629
2.19615
2.17515
2.16864
2.31825
0.579835
0.522284
2.21312
2.18491
0.533092
2.29246
2.31285
2.20824
2.18969
2.30741
2.31192
0.371514
0.341195
2.21009
2.19315
0.340536
97.0822
4.00513
49.7345
96.1891
5.6957
86.2539
97.6111
0.863499
236.879
98.4912
1.62991
230.162
2.31279
0.340536
2.19424
0.52348
2.34782
0.340536
2.17467
0.533092
115 ./mix53-perceptron-no-no-no-lru-4core.txt
2.47049
2.3488
2.19055
2.0887
2.34638
2.09081
2.38548
2.36877
2.09094
2.08991
2.38807
2.37557
2.11816
2.09977
2.13174
2.30658
2.14304
2.11087
2.29246
2.30364
2.13894
2.11661
0.388562
0.357182
2.30741
2.30428
0.380441
0.339408
2.13802
2.12024
0.356988
0.349228
97.0818
4.00244
49.7665
96.1968
5.6857
86.2645
97.6334
0.854367
238.175
98.497
1.53332
244.421
2.30493
0.356555
2.12062
0.349228
2.34638
0.356988
2.09081
0.349228
116 ./mix53-perceptron-no-spp_dev-no-lru-4core.txt
2.47054
2.34881
2.21732
2.11763
2.34639
2.11873
2.38548
2.36877
2.08998
2.10252
2.38776
2.37546
2.14737
2.11809
2.18453
2.32238
2.15651
2.12796
0.500775
0.449368
2.29246
2.31612
0.457692
2.15989
2.13448
2.30741
2.31462
0.384179
0.35307
2.16126
2.13902
0.351858
97.0813
4.00261
49.7613
96.1891
5.6957
85.2012
97.6339
0.85411
238.013
98.4741
1.64379
229.542
2.31375
0.351858
2.13924
0.455254
2.34639
0.351858
2.11873
0.457692
117 ./mix53-perceptron-pangloss-pangloss-no-lru-4core.txt
2.47155
2.3497
2.22913
2.13026
2.34721
2.13711
2.38548
2.36918
2.10039
2.11393
2.38867
2.37605
2.15305
2.12754
2.19986
2.3273
2.15408
2.13439
0.50107
0.449271
2.29246
2.31999
0.452829
2.16711
2.14107
2.30741
2.31782
0.37415
0.343682
2.17738
2.1472
0.34052
97.0832
4.00397
49.7529
96.1891
5.6957
84.8788
97.6156
0.861836
237.294
98.5038
1.62746
229.822
2.31805
0.34052
2.14872
0.446567
2.34721
0.34052
2.13711
0.452829
118 ./mix53-perceptron-sangam_dpc3-sangam_dpc3-sangam_dpc3-lru-4core.txt
2.46994
2.34798
2.23418
2.13577
2.34575
2.14103
2.38548
2.36839
2.10861
2.12093
2.3881
2.37533
2.15697
2.13348
2.12076
2.30304
2.17137
2.14321
0.531444
0.477111
0.485359
2.29246
2.30084
2.16639
2.14796
2.30741
2.30196
2.17298
2.1522
0.357946
0.328494
2.31946
2.30451
0.328922
97.0706
4.02321
49.6325
96.1891
5.6957
86.4454
97.597
0.868848
237.102
98.4996
1.61774
232.281
2.30411
0.328922
2.15495
0.464537
2.34575
0.328922
2.14103
0.485359
119 ./mix53-perceptron-team_12-team_12-team_12-lru-4core.txt
2.47028
2.34846
2.23174
2.13321
2.34614
2.13654
2.38548
2.36861
2.09669
2.11322
2.38854
2.37563
2.15124
2.12645
2.18967
2.32402
0.563724
0.507207
2.16648
2.13673
0.517446
2.29246
2.3174
2.15836
2.14116
2.30741
2.31568
0.361243
0.331576
2.16362
2.14497
2.31946
2.31624
0.333738
97.0708
4.02229
49.6409
96.1891
5.6957
86.0276
97.6129
0.862728
236.982
98.4687
1.64263
229.37
2.31519
0.333738
2.14726
0.505446
2.34614
0.333738
2.13654
0.517446
120 ./mix53-perceptron-T_SKID190509.021-spp.021-no.021-lru-4core.txt
2.47171
2.34974
2.27065
2.1753
2.34725
2.17881
2.38548
2.3692
2.1418
2.15697
2.38867
2.37606
2.18418
2.16647
0.611151
0.550953
2.16739
2.31771
2.20335
2.17596
0.555742
2.29246
2.31243
2.19229
2.17931
2.30741
2.31156
2.20774
2.18412
0.34086
0.312528
2.31946
2.31272
2.17971
2.18348
0.307216
97.0625
4.03642
49.5974
96.1891
5.6957
86.1709
97.5903
0.87095
235.815
98.5063
1.66716
221.381
2.31335
0.307216
2.18417
0.503327
2.34725
0.307216
2.17881
0.555742
121 ./mix54-perceptron-bingo_dpc3-next_line-next_line-lru-4core.txt
2.43643
2.3521
2.35188
2.08193
2.00644
2.00445
1.59961
1.50321
1.43198
2.38548
2.36977
1.12066
1.0532
1.05147
97.7606
0.804572
245.106
91.5068
9.4132
45.6568
97.2588
3.66241
49.8103
99.8973
0.0108659
280.913
1.98039
1.05147
2.36953
1.31744
2.00445
1.05147
2.35188
1.43198
122 ./mix54-perceptron-ipcp-ipcp-ipcp-lru-4core.txt
2.4386
2.3544
2.3539
2.12427
2.05074
2.04569
1.53319
1.43695
1.37551
2.38548
2.37086
1.1325
1.06482
1.06342
97.7588
0.80533
245.389
91.5068
9.4132
45.6827
97.2652
3.65325
49.8248
99.8973
0.0108627
311.85
2.00468
1.06342
2.37242
1.28386
2.04569
1.06342
2.3539
1.37551
123 ./mix54-perceptron-no-no-no-lru-4core.txt
2.43691
2.35254
2.35227
2.14801
2.07572
2.07252
2.38548
2.36998
1.18609
1.11758
1.11465
1.96942
2.01802
0.979951
0.898782
0.885716
97.8426
0.770868
249.289
91.4999
9.44054
45.7853
97.2738
3.6483
50.107
99.8995
0.0105233
351.215
2.01288
1.10769
2.37183
0.885716
2.07252
1.11465
2.35227
0.885716
124 ./mix54-perceptron-no-spp_dev-no-lru-4core.txt
2.43619
2.35178
2.3516
2.03838
1.96094
1.9502
1.57622
1.48009
1.42435
2.38548
2.36962
1.10435
1.0372
1.0353
97.7668
0.801621
247.115
91.5068
9.4132
45.8065
97.2556
3.66692
49.7942
99.8974
0.0108641
347.714
1.8922
1.0353
2.3687
1.31663
1.9502
1.0353
2.3516
1.42435
125 ./mix54-perceptron-pangloss-pangloss-no-lru-4core.txt
2.43788
2.35364
2.35325
2.10737
2.0331
2.02451
1.4106
1.31557
2.38548
2.3705
1.26155
1.14275
1.07493
1.0756
97.7728
0.799179
247.19
91.5068
9.4132
45.6902
97.2596
3.6602
49.7813
99.8996
0.0105273
339.893
1.98237
1.0756
2.37124
1.21788
2.02451
1.0756
2.35325
1.26155
126 ./mix54-perceptron-sangam_dpc3-sangam_dpc3-sangam_dpc3-lru-4core.txt
2.43633
2.35203
2.35182
2.06149
1.98504
1.97394
1.60695
1.51056
1.44719
2.38548
2.36974
1.11964
1.05219
1.05038
97.7671
0.801639
246.823
91.5068
9.4132
45.6758
97.2589
3.66229
49.8095
99.8972
0.0108823
278.864
1.92062
1.05038
2.36987
1.33338
1.97394
1.05038
2.35182
1.44719
127 ./mix54-perceptron-team_12-team_12-team_12-lru-4core.txt
2.4368
2.35246
2.35219
2.09932
2.0246
2.01399
1.61942
1.52322
1.4566
2.38548
2.36994
1.0987
1.03167
1.90628
1.96015
1.03044
97.7609
0.80441
245.385
91.5068
9.4132
45.8011
97.2563
3.66635
49.8092
99.8978
0.010824
326.683
1.95999
1.03044
2.37048
1.33434
2.01399
1.03044
2.35219
1.4566
128 ./mix54-perceptron-T_SKID190509.021-spp.021-no.021-lru-4core.txt
2.43798
2.35375
2.16255
2.09099
2.35334
2.08298
1.5345
1.43826
1.37179
2.38548
2.37055
1.11309
1.04576
2.00305
2.04347
1.0453
97.7807
0.796348
245.111
91.5068
9.4132
45.6646
97.2557
3.66684
49.7686
99.8977
0.0108268
284.351
2.04133
1.0453
2.37092
1.27589
2.08298
1.0453
2.35334
1.37179
129 ./mix57-perceptron-bingo_dpc3-next_line-next_line-lru-4core.txt
2.00134
1.90482
1.74027
1.66267
1.86059
1.64863
1.24552
1.19236
1.15993
0.973127
0.915296
1.75043
1.81859
0.920648
94.1712
6.49734
83.307
98.1543
2.29695
109.165
99.6437
0.0244873
17.6935
99.8968
0.101552
349.693
1.84002
1.58637
1.16551
0.920648
1.86059
1.64863
1.15993
0.920648
130 ./mix57-perceptron-ipcp-ipcp-ipcp-lru-4core.txt
2.04278
1.9486
1.75004
1.67292
1.90549
1.66456
1.24986
1.19673
1.16796
1.81333
1.87347
0.868822
0.812957
1.54425
1.60176
0.815942
93.7323
7.28273
83.5606
98.1781
2.2709
106.852
99.6842
0.0216475
17.6122
99.8968
0.10156
349.591
1.93018
1.6099
1.176
0.815942
1.90549
1.66456
1.16796
0.815942
131 ./mix57-perceptron-no-no-no-lru-4core.txt
1.92384
1.82353
1.74427
1.66684
1.75282
1.66502
1.02526
0.970554
0.955659
1.54957
1.66526
1.54371
1.59884
2.16814
1.81222
1.99148
1.71653
0.507646
0.46654
0.967329
0.968854
2.16592
1.89227
0.473419
92.8681
9.0501
84.0219
98.5365
1.80401
96.1708
99.7731
0.0154691
17.3522
99.8968
0.101555
350.138
1.90186
1.70994
0.973213
0.473419
1.75282
1.66502
0.955659
0.473419
132 ./mix57-perceptron-no-spp_dev-no-lru-4core.txt
2.00832
1.91221
1.74046
1.66289
1.8446
1.65216
1.10118
1.04642
1.03315
1.7091
1.79739
0.85135
0.795965
1.51604
1.58122
0.802929
93.7807
7.19295
83.5295
98.1826
2.26464
107.06
99.6492
0.0240942
17.9194
99.8968
0.101565
349.816
1.85981
1.59055
1.03306
0.802929
1.8446
1.65216
1.03315
0.802929
133 ./mix57-perceptron-pangloss-pangloss-no-lru-4core.txt
2.04143
1.94695
1.91264
1.748
1.67067
1.66055
1.1758
1.1217
1.11005
1.8461
1.8914
0.887359
0.830959
1.53742
1.59686
0.836486
93.777
7.19974
83.4719
98.1389
2.32448
107.371
99.6616
0.0232347
18.0548
99.8968
0.101539
349.579
1.94074
1.59348
1.11605
0.836486
1.91264
1.66055
1.11005
0.836486
134 ./mix57-perceptron-sangam_dpc3-sangam_dpc3-sangam_dpc3-lru-4core.txt
1.93638
1.83665
1.7405
1.66295
1.77521
1.64394
1.25539
1.20239
1.15698
0.983362
0.92543
1.66243
1.7387
0.927726
94.3667
6.17123
83.1906
98.1538
2.29653
109.33
99.6404
0.0247186
17.5161
99.8968
0.101556
349.579
1.74256
1.57782
1.16348
0.927726
1.77521
1.64394
1.15698
0.927726
135 ./mix57-perceptron-team_12-team_12-team_12-lru-4core.txt
1.97606
1.87832
1.74104
1.66356
1.80059
1.65004
1.16323
1.10885
1.09162
0.915262
0.858502
1.63504
1.73922
0.864824
94.1015
6.6183
83.4404
98.1491
2.30863
108.315
99.6437
0.0244877
18.5065
99.8968
0.10157
349.716
1.77191
1.57637
1.09481
0.864824
1.80059
1.65004
1.09162
0.864824
136 ./mix57-perceptron-T_SKID190509.021-spp.021-no.021-lru-4core.txt
2.08389
1.99237
1.95331
1.74676
1.66962
1.66194
1.2901
1.23765
1.20611
1.87237
1.92602
0.911118
0.854445
0.856037
93.7997
7.15962
83.4452
98.144
2.31708
107.677
99.6809
0.0218769
17.4373
99.8968
0.101578
349.57
1.96777
1.59818
1.21693
0.856037
1.95331
1.66194
1.20611
0.856037
137 ./mix62-perceptron-bingo_dpc3-next_line-next_line-lru-4core.txt
2.18416
2.10937
2.10886
1.74109
1.67405
1.68253
1.22226
1.14721
1.14412
2.10574
2.10744
0.891566
0.833644
1.58156
1.62384
0.833259
96.3029
8.6793
49.5893
93.5652
7.64756
83.5071
91.631
9.24294
45.8008
98.1557
2.31898
107.077
0.833259
2.12293
1.13674
1.62657
0.833259
2.10886
1.14412
1.68253
138 ./mix62-perceptron-ipcp-ipcp-ipcp-lru-4core.txt
2.17876
2.10361
2.10242
1.74337
1.6764
1.68465
1.22325
1.14818
1.14443
2.1119
2.10801
0.830844
0.774819
1.58631
1.62752
0.772676
96.3029
8.6793
49.6502
93.4131
7.94137
83.661
91.6647
9.2409
46.0003
98.2621
2.17124
105.693
0.772676
2.12722
1.13202
1.65928
0.772676
2.10242
1.14443
1.68465
139 ./mix62-perceptron-no-no-no-lru-4core.txt
1.99527
1.9104
1.87725
1.73554
1.66841
1.67746
1.21925
1.14435
1.14116
1.82938
1.86637
1.57972
1.62031
2.16825
1.96127
1.99327
1.73243
1.10658
1.12405
2.16633
2.01035
1.6447
1.709
2.14901
2.0373
1.14959
1.13276
2.11129
2.04952
1.66747
1.70034
0.308121
0.280941
2.1172
2.05909
1.86696
1.72649
1.1427
1.1353
0.283142
96.3029
8.6793
55.0658
92.3274
10.3007
84.1119
91.712
9.12303
47.1282
98.7231
1.57435
99.0161
0.283142
2.06179
1.13574
1.72243
0.283142
1.87725
1.14116
1.67746
140 ./mix62-perceptron-no-spp_dev-no-lru-4core.txt
2.15835
2.08244
2.07523
1.739
1.67225
1.68084
1.22033
1.14565
1.1423
2.06367
2.0724
1.58062
1.62253
0.733322
0.680866
2.16858
2.10484
0.68124
96.3029
8.6793
50.581
93.2139
8.34578
83.8464
91.7105
9.2262
46.1494
98.4092
1.97042
103.816
0.68124
2.10935
1.12922
1.69539
0.68124
2.07523
1.1423
1.68084
141 ./mix62-perceptron-pangloss-pangloss-no-lru-4core.txt
2.18177
2.10689
2.10688
1.74656
1.67978
1.6877
1.22363
1.14864
1.14477
2.11727
2.11241
1.58768
1.62979
0.781324
0.727052
2.16862
2.13161
0.725907
96.3029
8.6793
49.9837
93.299
8.17
83.7726
91.6562
9.26436
45.9315
98.3407
2.06329
104.609
0.725907
2.13203
1.12912
1.68303
0.725907
2.10688
1.14477
1.6877
142 ./mix62-perceptron-sangam_dpc3-sangam_dpc3-sangam_dpc3-lru-4core.txt
2.17622
2.10086
2.09614
1.74101
1.67393
1.6824
1.22191
1.14684
1.14356
2.08629
2.09307
0.892694
0.834756
1.58404
1.62516
0.834381
96.3029
8.6793
49.5915
93.5783
7.62035
83.5811
91.6305
9.2433
45.8428
98.1551
2.31982
106.957
0.834381
2.11249
1.13622
1.62786
0.834381
2.09614
1.14356
1.6824
143 ./mix62-perceptron-team_12-team_12-team_12-lru-4core.txt
2.16163
2.08579
2.08095
1.74094
1.67417
1.68261
1.21903
1.14428
1.14004
2.07354
2.07925
1.58228
1.6243
0.789978
0.735298
0.73486
96.3029
8.6793
49.9752
93.3378
8.09361
83.7006
91.6407
9.28606
45.9631
98.3222
2.08894
104.996
0.73486
2.10965
1.12601
1.67259
0.73486
2.08095
1.14004
1.68261
144 ./mix62-perceptron-T_SKID190509.021-spp.021-no.021-lru-4core.txt
2.19187
2.11752
2.11798
1.74329
1.67628
1.68451
1.22055
1.14549
1.14221
2.1301
2.1242
0.862973
0.805915
1.58732
1.62803
0.803843
96.3029
8.6793
49.6414
93.4816
7.80796
83.66
91.6963
9.19203
46.1049
98.2094
2.24413
106.298
0.803843
2.13738
1.13362
1.6447
0.803843
2.11798
1.14221
1.68451
145 ./mix69-perceptron-bingo_dpc3-next_line-next_line-lru-4core.txt
2.44592
2.35196
2.18833
2.11415
2.35213
2.11573
1.22753
1.1527
2.38548
2.36983
1.14949
2.13896
2.12729
0.972845
0.912746
0.913004
91.5444
9.33119
45.1836
97.2568
3.65121
50.003
93.7541
7.29344
83.4255
86.1527
16.139
30.5264
1.14507
2.37028
2.13563
0.913004
1.14949
2.35213
2.11573
0.913004
146 ./mix69-perceptron-ipcp-ipcp-ipcp-lru-4core.txt
2.44702
2.35315
2.18529
2.11091
2.35315
2.11281
1.22819
1.15335
2.38548
2.37039
1.14996
2.1395
2.12604
0.973293
0.913179
0.913313
91.5443
9.33173
45.275
97.2568
3.65125
49.9778
93.7562
7.28927
83.4438
86.1527
16.139
30.6666
1.14508
2.37092
2.13438
0.913313
1.14996
2.35315
2.11281
0.913313
147 ./mix69-perceptron-no-no-no-lru-4core.txt
2.44597
2.35186
2.35208
2.00263
1.91816
1.88833
1.22027
1.14544
2.38548
2.36979
1.14239
1.88636
1.90109
0.964636
0.90476
0.905053
91.554
9.32036
45.4617
97.2626
3.64399
50.024
93.9855
6.87416
83.3592
86.1527
16.139
30.6856
1.13843
2.37095
1.93016
0.905053
1.14239
2.35208
1.88833
0.905053
148 ./mix69-perceptron-no-spp_dev-no-lru-4core.txt
2.44593
2.35187
2.16431
2.08857
2.35207
2.08512
1.22284
1.14802
2.38548
2.36979
1.14472
2.10215
2.09578
0.96762
0.90766
0.907893
91.5509
9.32348
45.3832
97.2602
3.64719
50.0079
93.7704
7.26369
83.438
86.1527
16.139
30.668
1.14049
2.37086
2.10924
0.907893
1.14472
2.35207
2.08512
0.907893
149 ./mix69-perceptron-pangloss-pangloss-no-lru-4core.txt
2.44652
2.35269
2.18711
2.11287
2.35275
2.11571
1.22914
1.15435
2.38548
2.37018
1.15089
2.14325
2.12894
0.973776
0.913654
0.913733
91.5438
9.33216
45.2241
97.2565
3.65166
49.9808
93.7544
7.29278
83.4274
86.1527
16.139
30.6509
1.14612
2.37076
2.1369
0.913733
1.15089
2.35275
2.11571
0.913733
150 ./mix69-perceptron-sangam_dpc3-sangam_dpc3-sangam_dpc3-lru-4core.txt
2.44606
2.3521
2.18411
2.10965
2.35224
2.11014
1.22745
1.15261
2.38548
2.3699
1.14929
2.13336
2.12221
0.970632
0.910574
0.910903
91.5526
9.32164
45.2139
97.2586
3.64922
50.0044
93.7532
7.29549
83.4263
86.1527
16.139
30.7595
1.14484
2.37069
2.13162
0.910903
1.14929
2.35224
2.11014
0.910903
151 ./mix69-perceptron-team_12-team_12-team_12-lru-4core.txt
2.44584
2.35179
2.17372
2.09857
2.352
2.09745
1.22277
1.14796
2.38548
2.36976
1.14468
2.11695
2.10832
0.968565
0.908579
0.908726
91.5484
9.32652
45.4237
97.26
3.64743
50.0001
93.7608
7.27983
83.5083
86.1527
16.139
30.6413
1.14058
2.37083
2.11946
0.908726
1.14468
2.352
2.09745
0.908726
152 ./mix69-perceptron-T_SKID190509.021-spp.021-no.021-lru-4core.txt
2.44699
2.35311
2.1945
2.12071
2.35312
2.12304
1.22669
1.15186
2.38548
2.37037
1.14876
2.14561
2.1339
0.972067
0.911976
0.912118
91.5446
9.33128
45.2758
97.2573
3.65075
49.9882
93.7474
7.30498
83.5194
86.1527
16.139
30.6245
1.14398
2.37096
2.14073
0.912118
1.14876
2.35312
2.12304
0.912118
153 ./mix82-perceptron-bingo_dpc3-next_line-next_line-lru-4core.txt
2.44591
2.35191
2.18957
2.11547
2.35208
2.1172
1.89127
1.80983
1.81744
2.38548
2.36981
2.12851
2.1224
0.972384
0.91229
1.8839
1.84847
0.912051
86.1527
16.139
30.5116
93.7562
7.28928
83.4478
97.2571
3.65097
50.0085
99.9792
0.0534667
127.101
0.912051
2.13143
2.37031
1.82682
0.912051
2.1172
2.35208
1.81744
154 ./mix82-perceptron-ipcp-ipcp-ipcp-lru-4core.txt
2.44706
2.35315
2.18769
2.11346
2.35315
2.11548
1.66945
1.58155
1.59233
2.38548
2.37039
2.12785
2.1211
0.973113
0.912998
0.913103
86.1527
16.139
30.672
93.7607
7.28031
83.4881
97.257
3.65094
49.9782
99.979
0.0538848
128.358
0.913103
2.12988
2.37093
1.65359
0.913103
2.11548
2.35315
1.59233
155 ./mix82-perceptron-no-no-no-lru-4core.txt
2.44594
2.3518
2.35202
2.01972
1.93606
1.9106
2.38548
2.36976
1.8715
1.90113
0.964762
0.904879
0.905119
0.833749
0.763526
2.38808
2.37613
0.778224
86.1306
16.1159
30.7632
93.5881
7.60319
83.6813
97.3422
3.54576
50.6837
99.9815
0.047135
126.987
0.90607
1.9631
2.38142
0.778224
0.905119
1.9106
2.35202
0.778224
156 ./mix82-perceptron-no-spp_dev-no-lru-4core.txt
2.44591
2.35183
2.16246
2.08662
2.35203
2.0847
2.38548
2.36977
1.13118
1.04774
2.07354
2.07963
1.04767
0.968249
0.90827
0.908408
86.1527
16.139
30.6575
93.7877
7.23057
83.5511
97.2602
3.64724
50.0077
99.9798
0.0514156
129.73
0.908408
2.09644
2.37088
1.04933
0.908408
2.0847
2.35203
1.04767
157 ./mix82-perceptron-pangloss-pangloss-no-lru-4core.txt
2.44666
2.35277
2.18966
2.11557
2.35283
2.1179
1.66546
1.57788
1.57889
2.38548
2.37022
2.13659
2.12671
0.971508
0.911431
0.911373
86.1527
16.139
30.6742
93.7503
7.29985
83.451
97.2585
3.64928
49.9925
99.9787
0.054614
128.982
0.911373
2.13525
2.37099
1.62839
0.911373
2.1179
2.35283
1.57889
158 ./mix82-perceptron-sangam_dpc3-sangam_dpc3-sangam_dpc3-lru-4core.txt
2.44634
2.35237
2.18618
2.11186
2.35248
2.113
1.81756
1.73358
1.73925
2.38548
2.37003
2.12238
2.11745
0.970837
0.910772
1.81977
1.77836
0.910955
86.1527
16.139
30.7531
93.7582
7.28544
83.4714
97.2586
3.64921
49.9954
99.9803
0.0506099
130.067
0.910955
2.1272
2.37081
1.77205
0.910955
2.113
2.35248
1.73925
159 ./mix82-perceptron-team_12-team_12-team_12-lru-4core.txt
2.44608
2.352
2.17614
2.10116
2.35218
2.09927
1.5208
1.4317
1.42869
2.38548
2.36986
2.09273
2.09666
0.969127
0.909123
0.909247
86.1527
16.139
30.6367
93.7738
7.25714
83.4704
97.26
3.64722
49.9996
99.9788
0.0542929
130.273
0.909247
2.1096
2.3708
1.43844
0.909247
2.09927
2.35218
1.42869
160 ./mix82-perceptron-T_SKID190509.021-spp.021-no.021-lru-4core.txt
2.44701
2.35308
2.1951
2.12135
2.35308
2.12396
1.8234
1.73928
1.74784
2.38548
2.37036
2.13814
2.13026
0.971731
0.911644
1.86137
1.80212
0.91165
86.1527
16.139
30.6265
93.7489
7.30203
83.4964
97.2581
3.6497
49.9903
99.9804
0.0503408
127.071
0.91165
2.13802
2.37102
1.78282
0.91165
2.12396
2.35308
1.74784
161 ./mix86-perceptron-bingo_dpc3-next_line-next_line-lru-4core.txt
2.14524
2.03968
2.02538
1.74097
1.65307
1.64642
1.17209
1.10597
1.10251
1.99454
2.01491
1.52147
1.57963
2.06481
2.0322
1.1846
1.14636
1.98776
1.70179
2.18941
2.07091
1.63453
1.68384
2.16591
2.08985
1.17979
1.15774
2.10842
2.09301
1.64158
1.67497
2.09102
2.09272
1.09142
1.1399
1.85477
1.70314
0.279535
0.255434
2.14139
2.0988
0.259615
99.885
0.0654943
346.553
97.5592
0.882701
235.299
96.1891
5.6957
84.8597
98.6929
1.61201
98.5045
1.16281
2.10136
0.259615
1.68818
1.10251
2.02538
0.259615
1.64642
162 ./mix86-perceptron-ipcp-ipcp-ipcp-lru-4core.txt
2.21693
2.11713
2.10579
1.7556
1.66847
1.66327
2.04963
2.07992
0.994008
0.928464
0.923183
1.55255
1.6041
2.09142
2.08395
1.98818
1.72028
1.15748
1.03741
2.1427
2.09894
1.63705
1.69792
2.15894
2.11106
1.12679
1.06675
2.15683
2.11875
1.66079
1.69014
2.12162
2.11917
1.85733
1.71651
0.274767
0.251008
2.10488
2.11734
0.93466
1.0293
0.248287
99.8864
0.0675377
346.565
97.5318
0.892989
234.834
96.1891
5.6957
86.8523
98.6739
1.63737
100.73
1.04524
2.11683
0.248287
1.69152
0.923183
2.10579
0.248287
1.66327
163 ./mix86-perceptron-no-no-no-lru-4core.txt
2.18183
2.07927
2.07765
1.75368
1.6665
1.66669
2.03192
2.05328
1.56008
1.60756
2.06639
2.05787
1.99166
1.72378
0.523881
0.476607
2.10158
2.06908
0.480321
1.6328
1.69925
2.08851
2.07306
0.349697
0.32077
2.08431
2.07498
1.65673
1.69032
0.320677
99.8937
0.0809211
348.749
97.6036
0.866315
237.432
96.1891
5.6957
86.4408
98.6198
1.70503
99.0455
0.480344
2.07526
0.320677
1.69592
0.480321
2.07765
0.320677
1.66669
164 ./mix86-perceptron-no-spp_dev-no-lru-4core.txt
2.07248
1.96186
1.94385
1.74473
1.65706
1.64348
1.24586
1.18075
1.19057
1.85393
1.90171
1.50692
1.57283
1.93152
1.9121
1.22897
1.20586
1.98393
1.69567
2.08782
1.95494
1.62036
1.6755
1.20697
1.20625
2.00883
1.96583
1.62014
1.6638
1.98211
1.9686
1.18779
1.20144
1.84184
1.6917
1.96016
1.96736
0.25011
0.228175
2.08075
1.98113
1.30648
1.22155
1.56201
1.67147
0.230327
99.8774
0.0658858
347.227
97.5266
0.894629
235.168
96.1891
5.6957
87.0873
98.6596
1.66875
100.779
1.2094
1.98508
0.230327
1.66269
1.19057
1.94385
0.230327
1.64348
165 ./mix86-perceptron-pangloss-pangloss-no-lru-4core.txt
2.14308
2.03733
2.02359
1.75516
1.66794
1.66409
1.95023
1.98907
0.941227
0.876433
0.873231
1.55327
1.60427
2.00035
1.99303
1.98847
1.7205
1.15666
1.00578
2.04737
2.0069
1.64163
1.69935
2.09582
2.02464
1.07745
1.02953
1.66316
1.69178
2.07342
2.03283
2.03089
2.03255
1.85695
1.71785
0.286851
0.262228
2.02189
2.03118
0.258616
99.8886
0.0708092
346.863
97.5699
0.878882
236.938
96.1891
5.6957
86.6394
98.6893
1.61714
99.1703
0.992165
2.03134
0.258616
1.69714
0.873231
2.02359
0.258616
1.66409
166 ./mix86-perceptron-sangam_dpc3-sangam_dpc3-sangam_dpc3-lru-4core.txt
2.14053
2.03454
2.02895
1.74687
1.65925
1.65395
1.23664
1.17122
1.16925
1.96723
1.99742
1.53107
1.5878
1.98508
1.99306
1.28664
1.22978
1.98529
1.70731
2.12402
2.02558
1.63229
1.68722
1.26321
1.24117
2.09007
2.03857
2.06088
2.04235
1.63973
1.67723
1.13443
1.21181
2.01365
2.03811
1.85035
1.70444
2.11291
2.04735
1.52902
1.26557
0.248378
0.226577
1.57126
1.68364
2.08669
2.05173
0.226319
99.8767
0.0679055
346.13
97.5037
0.903091
234.386
96.1891
5.6957
87.4799
98.6485
1.68103
100.442
1.22718
2.05137
0.226319
1.67154
1.16925
2.02895
0.226319
1.65395
167 ./mix86-perceptron-team_12-team_12-team_12-lru-4core.txt
2.14841
2.04312
2.03758
1.74731
1.65974
1.65198
1.18147
1.11556
1.11532
1.96529
2.00009
1.53068
1.58778
2.00292
2.00108
1.2237
1.17046
1.98546
1.70734
2.08944
2.02336
1.62896
1.68632
2.09486
2.03773
1.19651
1.17936
2.07026
2.04323
1.63925
1.67642
1.11183
1.1612
2.03054
2.04136
1.85632
1.70461
2.07212
2.04523
0.251298
0.229274
1.38245
1.20054
1.56902
1.6834
0.232282
99.8794
0.0642689
346.08
97.5149
0.899091
234.226
96.1891
5.6957
87.0261
98.66
1.66841
100.724
1.19622
2.04938
0.232282
1.67574
1.11532
2.03758
0.232282
1.65198
168 ./mix86-perceptron-T_SKID190509.021-spp.021-no.021-lru-4core.txt
2.22165
2.122
2.10832
1.7522
1.66472
1.66103
2.0569
2.08613
1.01357
0.947655
0.935244
1.55525
1.60403
2.10798
2.09377
1.99063
1.72088
2.17561
2.11448
0.955785
0.951954
1.64037
1.69927
2.17751
2.1272
2.18272
2.1365
1.66197
1.69146
0.976063
0.960178
2.12
2.13408
1.85541
1.71736
0.279249
0.255173
2.14232
2.13512
0.251865
99.8894
0.072124
347.547
97.5305
0.893584
233.886
96.1891
5.6957
87.0166
98.6804
1.62974
100.776
0.93355
2.13482
0.251865
1.69583
0.935244
2.10832
0.251865
1.66103
