1 776073 0.9869658946990967
2 777329 0.9885631799697876
3 777826 0.9891952872276306
4 778574 0.9901465177536011
5 778945 0.9906183481216431
6 779166 0.990899384021759
7 779420 0.9912224411964417
8 779831 0.9917451143264771
9 780114 0.9921050071716309
10 780397 0.9924649000167847
11 780515 0.9926149845123291
12 780826 0.9930105209350586
13 780893 0.9930956959724426
14 781150 0.9934225678443909
15 781211 0.9935001134872437
16 781348 0.9936743378639221
17 781396 0.9937353730201721
18 781527 0.9939019680023193
19 781564 0.9939490556716919
20 781600 0.9939948320388794
21 781625 0.9940266013145447
22 781662 0.9940736889839172
23 781701 0.9941232800483704
24 781745 0.9941792488098145
25 781779 0.9942224621772766
26 781792 0.9942389726638794
27 781822 0.9942771792411804
28 781858 0.9943229556083679
29 781881 0.9943521618843079
30 781890 0.9943636059761047
31 781912 0.9943916201591492
32 781931 0.9944157600402832
33 781955 0.9944462776184082
34 781972 0.9944679141044617
35 781982 0.9944806098937988
36 782000 0.9945034980773926
37 782012 0.9945187568664551
38 782029 0.9945403933525085
39 782042 0.9945569634437561
40 782054 0.9945722222328186
41 782061 0.9945811033248901
42 782082 0.9946078062057495
43 782095 0.9946243166923523
44 782118 0.994653582572937
45 782137 0.9946777820587158
46 782156 0.9947019219398499
47 782171 0.994720995426178
48 782181 0.9947336912155151
49 782189 0.9947438836097717
50 782194 0.9947502613067627
51 782210 0.9947705864906311
52 782219 0.994782030582428
53 782226 0.9947909116744995
54 782239 0.9948074817657471
55 782253 0.9948253035545349
56 782257 0.9948303699493408
57 782268 0.994844377040863
58 782277 0.9948558211326599
59 782287 0.9948685169219971
60 782297 0.9948812127113342
61 782311 0.9948990345001221
62 782327 0.9949193596839905
63 782341 0.9949371814727783
64 782361 0.9949626326560974
65 782383 0.9949905872344971
66 782406 0.9950198531150818
67 782425 0.9950439929962158
68 782458 0.9950859546661377
69 782479 0.9951127171516418
70 782498 0.9951368570327759
71 782516 0.9951597452163696
72 782540 0.9951902627944946
73 782569 0.9952271580696106
74 782639 0.9953161478042603
75 782674 0.9953606724739075
76 782704 0.9953988194465637
77 782727 0.9954280853271484
78 782764 0.9954751133918762
79 782809 0.9955323934555054
80 782868 0.9956073760986328
81 782918 0.9956709742546082
82 782962 0.9957269430160522
83 783028 0.995810866355896
84 783066 0.9958592057228088
85 783115 0.9959214925765991
86 783170 0.9959914684295654
87 783226 0.996062695980072
88 783286 0.9961389899253845
89 783322 0.996184766292572
90 783368 0.9962432980537415
91 783417 0.9963055849075317
92 783449 0.9963462948799133
93 783481 0.9963870048522949
94 783508 0.9964213371276855
95 783547 0.9964709281921387
96 783558 0.9964848756790161
97 783563 0.9964912533760071
98 783583 0.9965167045593262
99 783594 0.9965307116508484
100 783638 0.9965866208076477
101 783668 0.996624767780304
102 783673 0.9966311454772949
103 783684 0.9966451525688171
104 783687 0.9966489672660828
105 783695 0.9966591000556946
106 783757 0.9967379570007324
107 783762 0.9967443346977234
108 783765 0.996748149394989
109 783767 0.9967507123947144
110 783768 0.9967519640922546
111 783775 0.9967608451843262
112 783778 0.9967646598815918
113 783787 0.9967761039733887
114 783789 0.996778666973114
115 783790 0.9967799186706543
116 783793 0.9967837333679199
117 783796 0.9967875480651855
118 783799 0.9967913627624512
119 783804 0.9967977404594421
120 783807 0.9968015551567078
122 783810 0.9968053698539734
123 783814 0.9968104958534241
124 783816 0.9968129992485046
125 783820 0.9968181252479553
126 783825 0.9968244433403015
127 783831 0.9968320727348328
128 783836 0.9968384504318237
129 783840 0.9968435168266296
131 783843 0.9968473315238953
132 783844 0.9968486428260803
134 783846 0.9968511462211609
135 783857 0.9968651533126831
136 783861 0.996870219707489
137 783863 0.9968727827072144
138 783865 0.9968753457069397
139 783869 0.9968804121017456
140 783874 0.9968867897987366
141 783878 0.9968918561935425
143 783885 0.996900737285614
144 783886 0.9969020485877991
145 783887 0.9969033002853394
146 783889 0.9969058632850647
147 783892 0.9969096779823303
148 783895 0.9969134926795959
149 783896 0.9969147443771362
150 783902 0.9969223737716675
151 783908 0.9969300031661987
153 783910 0.9969325661659241
154 783914 0.99693763256073
155 783918 0.9969426989555359
156 783919 0.9969440102577209
157 783920 0.9969452619552612
159 783921 0.9969465732574463
160 783922 0.9969478249549866
161 783926 0.9969528913497925
163 783927 0.9969542026519775
164 783932 0.9969605207443237
165 783933 0.9969618320465088
166 783935 0.9969643354415894
168 783936 0.9969656467437744
169 783937 0.9969668984413147
170 783940 0.9969707131385803
171 783942 0.9969732761383057
172 783946 0.9969783425331116
173 783951 0.9969847202301025
174 783955 0.9969897866249084
175 783960 0.9969961643218994
176 783964 0.9970012307167053
177 783970 0.9970088601112366
178 783976 0.9970164895057678
179 783981 0.9970228672027588
180 783989 0.9970329999923706
181 783996 0.9970419406890869
182 784029 0.9970839023590088
183 784039 0.9970965981483459
184 784056 0.9971182346343994
185 784071 0.9971373081207275
186 784251 0.997366189956665
187 784261 0.997378945350647
188 784279 0.9974018335342407
189 784287 0.9974120259284973
190 784439 0.9976053237915039
191 784442 0.9976091384887695
192 784453 0.997623085975647
193 784455 0.9976256489753723
194 784457 0.9976282119750977
195 784459 0.9976307153701782
197 784461 0.9976332783699036
199 784463 0.9976358413696289
200 784464 0.9976370930671692
202 784467 0.9976409077644348
204 784469 0.9976434707641602
205 784471 0.9976459741592407
206 784474 0.9976497888565063
207 784475 0.9976511001586914
208 784477 0.997653603553772
209 784481 0.9976587295532227
210 784482 0.9976599812507629
212 784487 0.9976663589477539
214 784491 0.9976714253425598
215 784492 0.9976727366447449
217 784497 0.9976790547370911
218 784499 0.9976816177368164
219 784500 0.9976828694343567
220 784502 0.997685432434082
221 784505 0.9976892471313477
223 784507 0.997691810131073
225 784510 0.9976956248283386
228 784515 0.9977019429206848
229 784519 0.9977070689201355
230 784520 0.9977083206176758
231 784521 0.9977095723152161
232 784522 0.9977108836174011
234 784525 0.9977146983146667
235 784529 0.9977197647094727
237 784536 0.9977286458015442
238 784537 0.9977299571037292
239 784538 0.9977312088012695
241 784543 0.9977375864982605
242 784547 0.9977426528930664
243 784549 0.9977452158927917
245 784554 0.9977515339851379
246 784556 0.9977540969848633
247 784560 0.9977591633796692
248 784568 0.9977693557739258
251 784569 0.9977706074714661
253 784570 0.9977719187736511
254 784571 0.9977731704711914
257 784572 0.9977744221687317
260 784574 0.997776985168457
262 784576 0.9977795481681824
263 784577 0.9977807998657227
264 784580 0.9977846145629883
265 784581 0.9977858662605286
267 784582 0.9977871775627136
269 784583 0.9977884292602539
270 784584 0.9977896809577942
271 784585 0.9977909922599792
272 784589 0.9977960586547852
273 784591 0.9977986216545105
274 784593 0.9978011846542358
275 784594 0.9978024363517761
276 784597 0.9978062510490417
277 784599 0.9978088140487671
279 784601 0.9978113174438477
280 784603 0.997813880443573
281 784605 0.9978164434432983
283 784607 0.9978189468383789
284 784610 0.9978227615356445
285 784611 0.9978240728378296
288 784612 0.9978253245353699
289 784614 0.9978278875350952
291 784615 0.9978291392326355
292 784616 0.9978303909301758
293 784619 0.9978342056274414
295 784620 0.9978355169296265
296 784621 0.9978367686271667
297 784622 0.997838020324707
298 784628 0.9978456497192383
299 784629 0.9978469610214233
302 784630 0.9978482127189636
304 784632 0.997850775718689
305 784633 0.9978520274162292
306 784634 0.9978532791137695
308 784636 0.9978558421134949
309 784637 0.9978570938110352
310 784638 0.9978584051132202
311 784641 0.9978622198104858
312 784642 0.9978634715080261
315 784644 0.9978660345077515
317 784645 0.9978672862052917
319 784646 0.997868537902832
321 784647 0.9978698492050171
322 784648 0.9978711009025574
324 784649 0.9978723526000977
326 784650 0.9978736639022827
327 784652 0.9978761672973633
329 784654 0.9978787302970886
330 784655 0.9978799819946289
337 784660 0.9978863596916199
338 784662 0.9978889226913452
340 784664 0.9978914260864258
345 784665 0.9978927373886108
346 784669 0.9978978037834167
349 784670 0.997899055480957
350 784671 0.9979003667831421
356 784675 0.997905433177948
357 784677 0.9979079961776733
362 784678 0.9979092478752136
365 784679 0.9979104995727539
369 784680 0.997911810874939
372 784683 0.9979156255722046
373 784685 0.9979181289672852
375 784686 0.9979194402694702
376 784687 0.9979206919670105
377 784688 0.9979219436645508
379 784689 0.9979232549667358
380 784690 0.9979245066642761
384 784691 0.9979257583618164
385 784693 0.9979283213615417
387 784694 0.997929573059082
388 784695 0.9979308843612671
390 784698 0.9979346990585327
392 784699 0.997935950756073
394 784700 0.9979372024536133
395 784702 0.9979397654533386
396 784703 0.9979410767555237
397 784706 0.9979448914527893
398 784707 0.9979461431503296
400 784709 0.9979487061500549
401 784716 0.9979575872421265
402 784717 0.9979588389396667
404 784718 0.9979601502418518
406 784719 0.9979614019393921
407 784720 0.9979626536369324
408 784721 0.9979639649391174
413 784723 0.997966468334198
416 784724 0.9979677796363831
418 784725 0.9979690313339233
419 784728 0.997972846031189
420 784730 0.9979754090309143
421 784731 0.9979766607284546
422 784732 0.9979779124259949
428 784734 0.9979804754257202
434 784735 0.9979817271232605
437 784737 0.9979842901229858
438 784739 0.9979868531227112
443 784741 0.9979893565177917
449 784742 0.9979906678199768
452 784744 0.9979931712150574
455 784746 0.9979957342147827
457 784747 0.997996985912323
458 784748 0.9979982972145081
465 784749 0.9979995489120483
467 784750 0.9980008006095886
477 784751 0.9980021119117737
479 784752 0.998003363609314
480 784753 0.9980046153068542
482 784754 0.9980059266090393
483 784755 0.9980071783065796
488 784756 0.9980084300041199
490 784757 0.9980097413063049
491 784758 0.9980109930038452
494 784759 0.9980122447013855
497 784760 0.9980135560035706
504 784761 0.9980148077011108
506 784762 0.9980160593986511
507 784765 0.9980198740959167
509 784766 0.9980211853981018
513 784767 0.9980224370956421
516 784768 0.9980236887931824
519 784769 0.9980250000953674
522 784773 0.9980300664901733
530 784774 0.9980313181877136
531 784775 0.9980326294898987
532 784776 0.998033881187439
536 784777 0.9980351328849792
539 784779 0.9980376958847046
543 784780 0.9980389475822449
549 784781 0.9980402588844299
554 784783 0.9980427622795105
562 784784 0.9980440735816956
565 784785 0.9980453252792358
570 784786 0.9980465769767761
571 784788 0.9980491399765015
577 784789 0.9980503916740417
581 784790 0.9980517029762268
590 784791 0.9980529546737671
592 784792 0.9980542063713074
595 784793 0.9980555176734924
598 784794 0.9980567693710327
600 784795 0.998058021068573
603 784796 0.9980593323707581
610 784797 0.9980605840682983
612 784798 0.9980618357658386
613 784799 0.9980631470680237
614 784800 0.998064398765564
616 784801 0.9980656504631042
621 784804 0.9980694651603699
622 784805 0.9980707764625549
631 784806 0.9980720281600952
639 784807 0.9980732798576355
641 784809 0.9980758428573608
643 784810 0.9980770945549011
650 784811 0.9980784058570862
653 784815 0.9980834722518921
656 784816 0.9980847835540771
661 784819 0.9980885982513428
663 784820 0.9980898499488831
664 784822 0.9980924129486084
665 784823 0.9980936646461487
666 784824 0.998094916343689
674 784826 0.9980974793434143
677 784828 0.9981000423431396
685 784829 0.9981012940406799
689 784830 0.9981025457382202
692 784834 0.9981076717376709
698 784835 0.9981089234352112
700 784836 0.9981101751327515
704 784837 0.9981114864349365
708 784839 0.9981139898300171
717 784840 0.9981153011322021
719 784842 0.9981178045272827
720 784855 0.9981343746185303
721 784857 0.9981368780136108
722 784863 0.9981445074081421
723 784866 0.9981483221054077
724 784941 0.9982437491416931
728 784942 0.9982450008392334
730 784943 0.9982462525367737
732 784945 0.998248815536499
745 784946 0.9982500672340393
749 784947 0.9982513785362244
752 784948 0.9982526302337646
754 784950 0.99825519323349
755 784963 0.9982717037200928
756 784965 0.9982742667198181
757 784971 0.9982818961143494
758 784974 0.998285710811615
759 785048 0.9983798265457153
765 785049 0.9983810782432556
771 785050 0.9983823299407959
777 785051 0.998383641242981
779 785052 0.9983848929405212
782 785056 0.9983899593353271
784 785058 0.9983925223350525
797 785063 0.9983989000320435
804 785064 0.9984001517295837
811 785065 0.998401403427124
829 785066 0.9984027147293091
833 785067 0.9984039664268494
837 785068 0.9984052181243896
840 785069 0.9984065294265747
860 785070 0.998407781124115
863 785072 0.9984103441238403
868 785073 0.9984115958213806
876 785075 0.998414158821106
877 785076 0.9984154105186462
878 785077 0.9984166622161865
880 785078 0.9984179735183716
893 785079 0.9984192252159119
894 785080 0.9984204769134521
904 785083 0.9984242916107178
921 785089 0.998431921005249
924 785094 0.99843829870224
931 785095 0.9984395503997803
932 785096 0.9984408617019653
937 785097 0.9984421133995056
949 785098 0.9984433650970459
959 785099 0.998444676399231
960 785101 0.9984471797943115
968 785102 0.9984484910964966
969 785104 0.9984509944915771
972 785105 0.9984523057937622
979 785108 0.9984561204910278
983 785109 0.9984573721885681
989 785110 0.9984586238861084
1007 785111 0.9984599351882935
1013 785112 0.9984611868858337
1033 785113 0.998462438583374
1045 785114 0.9984637498855591
1046 785115 0.9984650015830994
1062 785116 0.9984662532806396
1064 785117 0.9984675645828247
1070 785118 0.998468816280365
1074 785119 0.9984700679779053
1076 785120 0.9984713792800903
1078 785121 0.9984726309776306
1079 785123 0.998475193977356
1080 785125 0.9984776973724365
1083 785127 0.9984802603721619
1102 785128 0.9984815120697021
1109 785131 0.9984853267669678
1110 785137 0.998492956161499
1115 785138 0.9984942674636841
1118 785140 0.9984967708587646
1125 785141 0.9984980821609497
1127 785142 0.99849933385849
1144 785143 0.9985005855560303
1151 785144 0.9985018968582153
1153 785145 0.9985031485557556
1176 785146 0.9985044002532959
1180 785147 0.998505711555481
1181 785149 0.9985082149505615
1184 785150 0.9985095262527466
1189 785151 0.9985107779502869
1190 785152 0.9985120892524719
1196 785153 0.9985133409500122
1197 785154 0.9985145926475525
1200 785155 0.9985159039497375
1211 785156 0.9985171556472778
1213 785157 0.9985184073448181
1216 785158 0.9985197186470032
1250 785159 0.9985209703445435
1256 785162 0.9985247850418091
1259 785164 0.9985273480415344
1293 785165 0.9985285997390747
1294 785166 0.998529851436615
1300 785167 0.9985311627388
1355 785168 0.9985324144363403
1357 785169 0.9985336661338806
1359 785170 0.9985349774360657
1411 785172 0.9985374808311462
1423 785173 0.9985387921333313
1436 785174 0.9985400438308716
1443 785175 0.9985412955284119
1446 785176 0.9985426068305969
1450 785177 0.9985438585281372
1458 785178 0.9985451102256775
1480 785179 0.9985464215278625
1503 785180 0.9985476732254028
1521 785181 0.9985489249229431
1542 785182 0.9985502362251282
1561 785183 0.9985514879226685
1570 785184 0.9985527396202087
1596 785185 0.9985540509223938
1615 785186 0.9985553026199341
1631 785187 0.9985565543174744
1642 785188 0.9985578656196594
1654 785189 0.9985591173171997
1660 785191 0.998561680316925
1667 785192 0.9985629320144653
1669 785193 0.9985641837120056
1670 785194 0.9985654950141907
1671 785195 0.998566746711731
1678 785196 0.9985679984092712
1686 785197 0.9985693097114563
1708 785198 0.9985705614089966
1721 785199 0.9985718131065369
1743 785200 0.9985731244087219
1746 785201 0.9985743761062622
1767 785203 0.9985769391059875
1775 785208 0.9985832571983337
1779 785209 0.9985845685005188
1794 785210 0.9985858201980591
1800 785211 0.9985870718955994
1806 785213 0.9985896348953247
1811 785214 0.998590886592865
1818 785215 0.99859219789505
1830 785216 0.9985934495925903
1838 785218 0.9985960125923157
1846 785219 0.998597264289856
1852 785220 0.9985985159873962
1876 785222 0.9986010789871216
1885 785223 0.9986023306846619
1890 785224 0.9986036419868469
1894 785225 0.9986048936843872
1901 785226 0.9986061453819275
1943 785227 0.9986074566841125
1946 785228 0.9986087083816528
1956 785229 0.9986099600791931
1957 785231 0.9986125230789185
1961 785232 0.9986137747764587
1963 785233 0.9986150860786438
1965 785234 0.9986163377761841
1990 785235 0.9986175894737244
1997 785236 0.9986189007759094
2010 785237 0.9986201524734497
2016 785238 0.99862140417099
2053 785244 0.9986290335655212
2054 785246 0.9986315965652466
2062 785247 0.9986328482627869
2064 785248 0.9986341595649719
2073 785249 0.9986354112625122
2074 785250 0.9986366629600525
2075 785251 0.9986379742622375
2077 785252 0.9986392259597778
2078 785254 0.9986417889595032
2079 785255 0.9986430406570435
2082 785262 0.9986519813537598
2103 785266 0.9986570477485657
2124 785267 0.998658299446106
2152 785269 0.9986608624458313
2173 785271 0.9986634254455566
2180 785276 0.9986697435379028
2208 785284 0.9986799359321594
2210 785285 0.9986811876296997
2219 785286 0.9986824989318848
2220 785287 0.998683750629425
2237 785288 0.9986850023269653
2242 785289 0.9986863136291504
2246 785290 0.9986875653266907
2265 785291 0.998688817024231
2269 785292 0.998690128326416
2278 785293 0.9986913800239563
2307 785294 0.9986926317214966
2318 785295 0.9986939430236816
2324 785296 0.9986951947212219
2376 785297 0.9986964464187622
2389 785298 0.9986977577209473
2402 785299 0.9986990094184875
2403 785300 0.9987002611160278
2409 785303 0.9987040758132935
2428 785305 0.9987066388130188
2440 785306 0.9987078905105591
2468 785307 0.9987092018127441
2487 785308 0.9987104535102844
2498 785309 0.9987117052078247
2520 785310 0.9987130165100098
2522 785311 0.99871426820755
2523 785312 0.9987155199050903
2567 785313 0.9987168312072754
2581 785314 0.9987180829048157
2608 785315 0.998719334602356
2612 785316 0.998720645904541
2613 785318 0.9987231492996216
2619 785319 0.9987244606018066
2646 785320 0.9987257122993469
2696 785321 0.9987269639968872
2712 785322 0.9987282752990723
2723 785323 0.9987295269966125
2780 785324 0.9987307786941528
2788 785325 0.9987320899963379
2793 785326 0.9987333416938782
2803 785327 0.9987345933914185
2810 785328 0.9987359046936035
2829 785329 0.9987371563911438
2852 785331 0.9987397193908691
2854 785332 0.9987409710884094
2857 785333 0.9987422227859497
2860 785334 0.9987435340881348
2862 785335 0.998744785785675
2919 785340 0.998751163482666
2936 785341 0.9987524151802063
2939 785342 0.9987536668777466
2944 785343 0.9987549781799316
2958 785344 0.9987562298774719
2961 785345 0.9987574815750122
2982 785346 0.9987587928771973
3003 785347 0.9987600445747375
3009 785348 0.9987612962722778
3010 785349 0.9987626075744629
3019 785350 0.9987638592720032
3030 785351 0.9987651109695435
3035 785358 0.9987740516662598
3053 785361 0.9987778663635254
3054 785362 0.9987791180610657
3061 785363 0.998780369758606
3068 785364 0.998781681060791
3136 785365 0.9987829327583313
3240 785367 0.9987854957580566
3242 785368 0.9987867474555969
3307 785369 0.9987879991531372
3323 785370 0.9987893104553223
3407 785371 0.9987905621528625
3412 785372 0.9987918138504028
3413 785373 0.9987931251525879
3425 785374 0.9987943768501282
3486 785375 0.9987956881523132
3515 785376 0.9987969398498535
3552 785377 0.9987981915473938
3555 785378 0.9987995028495789
3565 785379 0.9988007545471191
3598 785380 0.9988020062446594
3615 785381 0.9988033175468445
3628 785382 0.9988045692443848
3631 785383 0.998805820941925
3664 785384 0.9988071322441101
3668 785385 0.9988083839416504
3678 785386 0.9988096356391907
3683 785387 0.9988109469413757
3685 785388 0.998812198638916
3715 785389 0.9988134503364563
3716 785390 0.9988147616386414
3732 785391 0.9988160133361816
3748 785392 0.9988172650337219
3760 785393 0.998818576335907
3763 785394 0.9988198280334473
3850 785395 0.9988210797309875
3884 785396 0.9988223910331726
3895 785397 0.9988236427307129
3898 785398 0.9988248944282532
3901 785399 0.9988262057304382
3905 785400 0.9988274574279785
3926 785401 0.9988287091255188
3965 785402 0.9988300204277039
3972 785403 0.9988312721252441
3993 785404 0.9988325238227844
3997 785405 0.9988338351249695
4002 785406 0.9988350868225098
4008 785408 0.9988376498222351
4012 785409 0.9988389015197754
4013 785410 0.9988401532173157
4023 785411 0.9988414645195007
4031 785417 0.998849093914032
4081 785418 0.9988503456115723
4174 785419 0.9988515973091125
4192 785420 0.9988529086112976
4240 785421 0.9988541603088379
4262 785422 0.9988554120063782
4263 785423 0.9988567233085632
4278 785424 0.9988579750061035
4332 785425 0.9988592267036438
4354 785426 0.9988605380058289
4371 785427 0.9988617897033691
4422 785428 0.9988630414009094
4430 785430 0.9988656044006348
4433 785431 0.998866856098175
4467 785432 0.9988681674003601
4487 785434 0.9988706707954407
4508 785435 0.9988719820976257
4565 785436 0.998873233795166
4575 785437 0.9988744854927063
4615 785438 0.9988757967948914
4617 785439 0.9988770484924316
4634 785440 0.9988783001899719
4692 785441 0.998879611492157
4732 785442 0.9988808631896973
4743 785443 0.9988821148872375
4746 785444 0.9988834261894226
4761 785445 0.9988846778869629
4806 785446 0.9988859295845032
4818 785447 0.9988872408866882
4819 785448 0.9988884925842285
4829 785449 0.9988897442817688
4832 785450 0.9988910555839539
4857 785451 0.9988923072814941
4915 785452 0.9988935589790344
4920 785453 0.9988948702812195
4926 785454 0.9988961219787598
4930 785455 0.9988973736763
4939 785456 0.9988986849784851
4971 785458 0.9989011883735657
5003 785459 0.9989024996757507
5072 785460 0.998903751373291
5102 785461 0.9989050030708313
5118 785462 0.9989063143730164
5188 785463 0.9989075660705566
5278 785464 0.9989088177680969
5283 785465 0.998910129070282
5346 785466 0.9989113807678223
5456 785467 0.9989126324653625
5526 785468 0.9989139437675476
5540 785469 0.9989151954650879
5543 785470 0.9989164471626282
5610 785471 0.9989177584648132
5629 785472 0.9989190101623535
5716 785473 0.9989202618598938
5784 785474 0.9989215731620789
5785 785475 0.9989228248596191
5786 785477 0.9989253878593445
5802 785478 0.9989266395568848
5884 785479 0.998927891254425
5956 785481 0.9989304542541504
5966 785482 0.9989317059516907
6032 785483 0.9989330172538757
6033 785484 0.998934268951416
6034 785485 0.9989355802536011
6064 785486 0.9989368319511414
6125 785487 0.9989380836486816
6144 785488 0.9989393949508667
6224 785489 0.998940646648407
6231 785490 0.9989418983459473
6299 785491 0.9989432096481323
6320 785492 0.9989444613456726
6323 785493 0.9989457130432129
6381 785494 0.9989470243453979
6383 785495 0.9989482760429382
6385 785496 0.9989495277404785
6394 785497 0.9989508390426636
6398 785498 0.9989520907402039
6428 785499 0.9989533424377441
6465 785500 0.9989546537399292
6467 785501 0.9989559054374695
6482 785502 0.9989571571350098
6504 785503 0.9989584684371948
6506 785504 0.9989597201347351
6514 785505 0.9989609718322754
6527 785506 0.9989622831344604
6537 785507 0.9989635348320007
6538 785508 0.998964786529541
6549 785509 0.9989660978317261
6572 785510 0.9989673495292664
6661 785511 0.9989686012268066
6704 785512 0.9989699125289917
6731 785513 0.998971164226532
6804 785514 0.9989724159240723
6807 785515 0.9989737272262573
6831 785516 0.9989749789237976
6882 785517 0.9989762306213379
6897 785518 0.9989775419235229
6920 785519 0.9989787936210632
6964 785520 0.9989800453186035
6966 785521 0.9989813566207886
7006 785522 0.9989826083183289
7009 785523 0.9989838600158691
7010 785524 0.9989851713180542
7076 785525 0.9989864230155945
7090 785526 0.9989876747131348
7167 785527 0.9989889860153198
7178 785528 0.9989902377128601
7210 785529 0.9989914894104004
7233 785530 0.9989928007125854
7248 785531 0.9989940524101257
7317 785532 0.998995304107666
7335 785533 0.9989966154098511
7341 785535 0.9989991188049316
7427 785536 0.9990004301071167
7428 785537 0.999001681804657
7495 785538 0.9990029335021973
7515 785539 0.9990042448043823
7576 785540 0.9990054965019226
7584 785541 0.9990067481994629
7585 785542 0.9990080595016479
7681 785543 0.9990093111991882
7707 785544 0.9990105628967285
7777 785545 0.9990118741989136
7854 785546 0.9990131258964539
7881 785547 0.9990143775939941
8914 785548 0.9990156888961792
8929 785550 0.9990181922912598
9034 785551 0.9990195035934448
9039 785552 0.9990207552909851
9392 785553 0.9990220069885254
9397 785554 0.9990233182907104
9431 785555 0.9990245699882507
9439 785556 0.999025821685791
9450 785557 0.9990271329879761
9454 785558 0.9990283846855164
9466 785559 0.9990296363830566
9668 785560 0.9990309476852417
9921 785561 0.999032199382782
9953 785562 0.9990334510803223
10105 785563 0.9990347623825073
10233 785564 0.9990360140800476
10272 785565 0.9990372657775879
10331 785566 0.9990385770797729
10385 785567 0.9990398287773132
10470 785568 0.9990410804748535
10483 785569 0.9990423917770386
10484 785570 0.9990436434745789
10492 785571 0.9990448951721191
10502 785572 0.9990462064743042
10508 785573 0.9990474581718445
10513 785574 0.9990487098693848
10535 785575 0.9990500211715698
10541 785576 0.9990512728691101
10555 785577 0.9990525245666504
10575 785578 0.9990538358688354
10583 785579 0.9990550875663757
10592 785580 0.999056339263916
10596 785581 0.9990576505661011
10602 785582 0.9990589022636414
10641 785583 0.9990601539611816
10643 785584 0.9990614652633667
10646 785585 0.999062716960907
10752 785586 0.9990639686584473
10854 785587 0.9990652799606323
11280 785588 0.9990665316581726
11286 785589 0.9990677833557129
11293 785590 0.9990690946578979
11299 785591 0.9990703463554382
11591 785592 0.9990715980529785
11593 785593 0.9990729093551636
11773 785594 0.9990741610527039
12473 785595 0.9990754127502441
12475 785596 0.9990767240524292
13015 785597 0.9990779757499695
13027 785598 0.9990792870521545
13543 785599 0.9990805387496948
13544 785600 0.9990817904472351
14106 785601 0.9990831017494202
14258 785602 0.9990843534469604
14260 785603 0.9990856051445007
14269 785604 0.9990869164466858
14270 785605 0.9990881681442261
14273 785606 0.9990894198417664
14274 785608 0.9990919828414917
14275 785609 0.999093234539032
14278 785615 0.9991008639335632
14521 785616 0.9991021752357483
14553 785617 0.9991034269332886
14554 785618 0.9991046786308289
14594 785619 0.9991059899330139
14822 785620 0.9991072416305542
14873 785621 0.9991084933280945
14880 785622 0.9991098046302795
14886 785623 0.9991110563278198
15221 785624 0.9991123080253601
15309 785625 0.9991136193275452
15471 785626 0.9991148710250854
15480 785627 0.9991161227226257
15493 785628 0.9991174340248108
15494 785629 0.9991186857223511
15502 785630 0.9991199374198914
15512 785631 0.9991212487220764
15518 785632 0.9991225004196167
15525 785633 0.999123752117157
15545 785634 0.999125063419342
15551 785635 0.9991263151168823
15794 785636 0.9991275668144226
15798 785637 0.9991288781166077
16020 785638 0.9991301298141479
16033 785639 0.9991313815116882
16034 785640 0.9991326928138733
16105 785641 0.9991339445114136
16128 785642 0.9991351962089539
16144 785643 0.9991365075111389
16148 785644 0.9991377592086792
16181 785645 0.9991390109062195
16187 785646 0.9991403222084045
16196 785647 0.9991415739059448
16237 785648 0.9991428256034851
16258 785649 0.9991441369056702
16266 785650 0.9991453886032104
16272 785651 0.9991466403007507
16275 785652 0.9991479516029358
16281 785653 0.9991492033004761
16282 785654 0.9991504549980164
16285 785655 0.9991517663002014
16302 785656 0.9991530179977417
16305 785657 0.999154269695282
16377 785658 0.999155580997467
16451 785659 0.9991568326950073
16499 785661 0.9991593956947327
16515 785662 0.9991606473922729
16520 785663 0.9991618990898132
16522 785664 0.9991632103919983
16528 785665 0.9991644620895386
16536 785666 0.9991657137870789
16539 785667 0.9991670250892639
16549 785668 0.9991682767868042
16551 785669 0.9991695284843445
16554 785670 0.9991708397865295
16556 785672 0.9991733431816101
16563 785673 0.9991746544837952
16564 785690 0.9991962313652039
16565 785692 0.9991987943649292
16665 785693 0.9992000460624695
16851 785694 0.9992013573646545
16859 785695 0.9992026090621948
16861 785696 0.9992038607597351
16863 785697 0.9992051720619202
16868 785700 0.9992089867591858
16873 785701 0.9992102384567261
17134 785702 0.9992114901542664
17140 785703 0.9992128014564514
17143 785704 0.9992140531539917
17170 785705 0.999215304851532
17195 785706 0.999216616153717
17202 785707 0.9992178678512573
17208 785708 0.9992191791534424
17726 785709 0.9992204308509827
18348 785710 0.9992216825485229
18357 785711 0.999222993850708
18365 785712 0.9992242455482483
18789 785713 0.9992254972457886
18832 785714 0.9992268085479736
18834 785715 0.9992280602455139
18839 785716 0.9992293119430542
18855 785717 0.9992306232452393
18868 785718 0.9992318749427795
18878 785719 0.9992331266403198
18924 785720 0.9992344379425049
19109 785721 0.9992356896400452
19118 785722 0.9992369413375854
19126 785723 0.9992382526397705
19149 785724 0.9992395043373108
19151 785725 0.9992407560348511
19154 785726 0.9992420673370361
19172 785727 0.9992433190345764
19186 785728 0.9992445707321167
19212 785729 0.9992458820343018
19221 785730 0.999247133731842
19279 785731 0.9992483854293823
19282 785732 0.9992496967315674
19283 785733 0.9992509484291077
19284 785735 0.999253511428833
19307 785736 0.9992547631263733
19323 785737 0.9992560148239136
19344 785738 0.9992573261260986
19396 785740 0.9992598295211792
19534 785741 0.9992611408233643
19547 785742 0.9992623925209045
19555 785743 0.9992636442184448
19567 785744 0.9992649555206299
19568 785745 0.9992662072181702
19573 785746 0.9992674589157104
19583 785757 0.9992814660072327
19614 785758 0.9992827177047729
19636 785759 0.999284029006958
19667 785760 0.9992852807044983
19672 785762 0.9992878437042236
19679 785765 0.9992916584014893
19680 785771 0.9992992877960205
20348 785772 0.9993005394935608
20355 785773 0.9993017911911011
20361 785774 0.9993031024932861
20674 785775 0.9993043541908264
20680 785776 0.9993056058883667
20685 785777 0.9993069171905518
20714 785778 0.999308168888092
20717 785779 0.9993094205856323
20724 785780 0.9993107318878174
20737 785781 0.9993119835853577
20887 785782 0.9993132352828979
20897 785783 0.999314546585083
21075 785784 0.9993157982826233
21143 785785 0.9993170499801636
21722 785786 0.9993183612823486
21726 785787 0.9993196129798889
21727 785788 0.9993208646774292
21899 785789 0.9993221759796143
21908 785790 0.9993234276771545
22289 785791 0.9993246793746948
22301 785792 0.9993259906768799
22304 785796 0.9993310570716858
22337 785797 0.9993323087692261
22344 785798 0.9993336200714111
22350 785799 0.9993348717689514
22507 785800 0.9993361234664917
23126 785801 0.9993374347686768
23143 785803 0.9993399381637573
23489 785804 0.9993412494659424
24828 785805 0.9993425011634827
24832 785806 0.9993437528610229
24950 785807 0.999345064163208
25671 785808 0.9993463158607483
25684 785809 0.9993475675582886
25685 785810 0.9993488788604736
25693 785811 0.9993501305580139
25703 785812 0.9993513822555542
25709 785813 0.9993526935577393
25714 785814 0.9993539452552795
25736 785815 0.9993551969528198
25742 785816 0.9993565082550049
25756 785817 0.9993577599525452
25776 785818 0.9993590116500854
25784 785819 0.9993603229522705
25793 785820 0.9993615746498108
25803 785821 0.9993628859519958
26063 785822 0.9993641376495361
26149 785823 0.9993653893470764
26377 785824 0.9993667006492615
26379 785825 0.9993679523468018
26476 785826 0.999369204044342
26769 785827 0.9993705153465271
28769 785828 0.9993717670440674
29536 785829 0.9993730187416077
29562 785830 0.9993743300437927
30670 785831 0.999375581741333
30673 785832 0.9993768334388733
30683 785833 0.9993781447410583
31047 785834 0.9993793964385986
31090 785835 0.9993806481361389
31110 785836 0.999381959438324
31217 785837 0.9993832111358643
31223 785839 0.9993857741355896
31227 785840 0.9993870258331299
31230 785841 0.9993882775306702
31270 785842 0.9993895888328552
31279 785843 0.9993908405303955
31287 785844 0.9993920922279358
31301 785845 0.9993934035301208
31302 785846 0.9993946552276611
31315 785847 0.9993959069252014
31329 785848 0.9993972182273865
31366 785849 0.9993984699249268
31370 785850 0.999399721622467
31376 785851 0.9994010329246521
31379 785852 0.9994022846221924
31384 785853 0.9994035363197327
31393 785854 0.9994048476219177
31440 785855 0.999406099319458
31445 785856 0.9994073510169983
31447 785857 0.9994086623191833
31453 785858 0.9994099140167236
31461 785859 0.9994111657142639
31474 785860 0.999412477016449
31479 785861 0.9994137287139893
31481 785863 0.9994162917137146
31489 785873 0.9994289875030518
31688 785874 0.999430239200592
31689 785875 0.9994315505027771
31954 785876 0.9994328022003174
31964 785877 0.9994340538978577
32426 785879 0.999436616897583
32478 785880 0.9994378685951233
32490 785881 0.9994391798973083
32491 785886 0.9994454979896545
33230 785887 0.9994468092918396
33240 785888 0.9994480609893799
33254 785889 0.9994493126869202
33276 785890 0.9994506239891052
33278 785891 0.9994518756866455
33350 785892 0.9994531273841858
33364 785893 0.9994544386863708
33398 785894 0.9994556903839111
33406 785895 0.9994569420814514
33415 785896 0.9994582533836365
33425 785897 0.9994595050811768
33593 785898 0.999460756778717
33825 785899 0.9994620680809021
36925 785900 0.9994633197784424
37192 785901 0.9994645714759827
37240 785902 0.9994658827781677
37764 785903 0.999467134475708
38176 785904 0.9994683861732483
38683 785905 0.9994696974754333
38854 785906 0.9994709491729736
39701 785907 0.9994722008705139
40013 785908 0.999473512172699
40030 785909 0.9994747638702393
40400 785910 0.9994760155677795
40659 785911 0.9994773268699646
41834 785912 0.9994785785675049
41838 785913 0.9994798302650452
41839 785914 0.9994811415672302
41852 785915 0.9994823932647705
41860 785916 0.9994836449623108
41862 785917 0.9994849562644958
41876 785920 0.9994887709617615
43223 785921 0.9994900226593018
43229 785922 0.999491274356842
43555 785923 0.9994925856590271
43558 785927 0.999497652053833
43878 785928 0.9994989037513733
44118 785929 0.9995002150535583
44141 785930 0.9995014667510986
45052 785931 0.9995027184486389
46858 785932 0.999504029750824
46862 785933 0.9995052814483643
46882 785934 0.9995065927505493
46884 785935 0.9995078444480896
47274 785936 0.9995090961456299
47277 785940 0.9995142221450806
47919 785941 0.9995154738426208
47924 785942 0.9995167255401611
47963 785943 0.9995180368423462
48589 785944 0.9995192885398865
48688 785945 0.9995205402374268
48741 785946 0.9995218515396118
48743 785947 0.9995231032371521
48760 785948 0.9995243549346924
48840 785949 0.9995256662368774
48898 785950 0.9995269179344177
48905 785951 0.999528169631958
48911 785952 0.9995294809341431
49016 785953 0.9995307326316833
49044 785959 0.9995383620262146
50268 785960 0.9995396137237549
50968 785961 0.9995409250259399
51408 785962 0.9995421767234802
51418 785966 0.9995472431182861
51608 785967 0.9995485544204712
51610 785968 0.9995498061180115
51641 785969 0.9995510578155518
51650 785970 0.9995523691177368
51665 785971 0.9995536208152771
51674 785972 0.9995548725128174
51698 785974 0.9995574355125427
51719 785975 0.999558687210083
51748 785976 0.9995599985122681
51749 785977 0.9995612502098083
51750 785978 0.9995625019073486
51755 785980 0.999565064907074
51762 785981 0.9995663166046143
51763 785989 0.9995765089988708
51860 785990 0.9995777606964111
52524 785991 0.9995790719985962
52577 785992 0.9995803236961365
52624 785993 0.9995815753936768
53399 785994 0.9995828866958618
53575 785995 0.9995841383934021
53618 785996 0.9995853900909424
53702 785997 0.9995867013931274
53731 785998 0.9995879530906677
53798 785999 0.999589204788208
53807 786000 0.9995905160903931
53815 786001 0.9995917677879333
53819 786003 0.9995943307876587
53837 786004 0.999595582485199
53840 786005 0.9995968341827393
53843 786006 0.9995981454849243
53850 786007 0.9995993971824646
53851 786008 0.9996006488800049
53861 786009 0.9996019601821899
53874 786010 0.9996032118797302
53893 786011 0.9996044635772705
53911 786012 0.9996057748794556
53935 786013 0.9996070265769958
53946 786014 0.9996082782745361
53954 786015 0.9996095895767212
53957 786016 0.9996108412742615
53962 786017 0.9996120929718018
53968 786018 0.9996134042739868
53970 786019 0.9996146559715271
53978 786020 0.9996159076690674
53990 786021 0.9996172189712524
53991 786022 0.9996184706687927
53993 786024 0.9996210336685181
53996 786025 0.9996222853660583
53998 786028 0.999626100063324
54004 786030 0.9996286630630493
54005 786031 0.9996299147605896
54006 786037 0.9996375441551208
54009 786039 0.9996401071548462
54012 786040 0.9996413588523865
56804 786041 0.9996426105499268
56876 786043 0.9996451735496521
56950 786044 0.9996464848518372
56998 786045 0.9996477365493774
57014 786046 0.9996489882469177
57019 786047 0.9996502995491028
57027 786048 0.9996515512466431
57048 786049 0.9996528029441833
57050 786050 0.9996541142463684
57053 786051 0.9996553659439087
57055 786053 0.999657928943634
57062 786054 0.9996591806411743
57063 786063 0.9996706247329712
57317 786064 0.9996718764305115
57451 786065 0.9996731877326965
57453 786066 0.9996744394302368
57462 786067 0.9996756911277771
57463 786068 0.9996770024299622
57466 786069 0.9996782541275024
57467 786071 0.9996808171272278
57468 786072 0.9996820688247681
57471 786079 0.9996909499168396
57477 786080 0.9996922612190247
57505 786084 0.9996973276138306
59313 786085 0.9996985793113708
59879 786090 0.9997049570083618
64422 786091 0.9997062087059021
64640 786092 0.9997075200080872
64910 786093 0.9997087717056274
64936 786094 0.9997100234031677
64938 786095 0.9997113347053528
64947 786096 0.9997125864028931
64948 786097 0.9997138381004333
64951 786098 0.9997151494026184
64952 786100 0.999717652797699
64953 786101 0.999718964099884
64956 786107 0.9997265934944153
69998 786108 0.9997278451919556
70002 786109 0.9997290968894958
70034 786110 0.9997304081916809
70050 786111 0.9997316598892212
70073 786112 0.9997329115867615
70074 786113 0.9997342228889465
70132 786114 0.9997354745864868
70134 786116 0.9997380375862122
70147 786118 0.9997405409812927
70184 786119 0.9997418522834778
70486 786120 0.9997431039810181
70502 786121 0.9997443556785583
72848 786122 0.9997456669807434
72854 786123 0.9997469186782837
77330 786124 0.999748170375824
77334 786125 0.999749481678009
77356 786126 0.9997507333755493
78695 786127 0.9997519850730896
79424 786128 0.9997532963752747
79427 786132 0.9997583627700806
86131 786133 0.9997596144676208
86148 786135 0.9997621774673462
90101 786136 0.9997634291648865
91027 786137 0.9997647404670715
91148 786138 0.9997659921646118
91150 786139 0.9997672438621521
91159 786140 0.9997685551643372
91160 786141 0.9997698068618774
91163 786142 0.9997710585594177
91164 786144 0.9997736215591431
91165 786145 0.9997748732566833
91168 786152 0.9997838139533997
91245 786153 0.9997850656509399
98138 786154 0.9997863173484802
99132 786155 0.9997876286506653
166843 786156 0.9997888803482056
185405 786157 0.9997901916503906
186178 786158 0.9997914433479309
189315 786159 0.9997926950454712
190052 786160 0.9997940063476562
190178 786161 0.9997952580451965
190184 786162 0.9997965097427368
191951 786163 0.9997978210449219
223526 786164 0.9997990727424622
238727 786165 0.9998003244400024
241200 786166 0.9998016357421875
241235 786167 0.9998028874397278
241403 786168 0.9998041391372681
242913 786169 0.9998054504394531
243474 786170 0.9998067021369934
243491 786171 0.9998079538345337
243550 786172 0.9998092651367188
243555 786173 0.999810516834259
243556 786174 0.9998117685317993
243590 786175 0.9998130798339844
278199 786176 0.9998143315315247
297081 786177 0.9998155832290649
297115 786178 0.99981689453125
297167 786179 0.9998181462287903
297673 786180 0.9998193979263306
298841 786181 0.9998207092285156
299700 786182 0.9998219609260559
299754 786183 0.9998232126235962
300656 786184 0.9998245239257812
301030 786185 0.9998257756233215
304473 786186 0.9998270273208618
304483 786187 0.9998283386230469
304491 786188 0.9998295903205872
304612 786189 0.9998308420181274
305853 786190 0.9998321533203125
318201 786191 0.9998334050178528
319679 786192 0.9998346567153931
320093 786193 0.9998359680175781
323521 786194 0.9998372197151184
329111 786195 0.9998384714126587
329383 786196 0.9998397827148438
329564 786197 0.999841034412384
329565 786198 0.9998422861099243
330591 786199 0.9998435974121094
330639 786200 0.9998448491096497
330724 786201 0.9998461008071899
331335 786202 0.999847412109375
331373 786203 0.9998486638069153
331420 786207 0.9998537302017212
333827 786208 0.9998550415039062
347191 786209 0.9998562932014465
354714 786210 0.9998575448989868
361806 786211 0.9998588562011719
387448 786212 0.9998601078987122
391341 786213 0.9998613595962524
418801 786214 0.9998626708984375
431627 786215 0.9998639225959778
470382 786216 0.9998651742935181
470496 786217 0.9998664855957031
471319 786218 0.9998677372932434
490108 786219 0.9998689889907837
490751 786220 0.9998703002929688
491398 786221 0.999871551990509
491700 786222 0.9998728036880493
506673 786223 0.9998741149902344
524295 786224 0.9998753666877747
524296 786225 0.9998766183853149
524309 786226 0.9998779296875
524324 786227 0.9998791813850403
524328 786228 0.9998804330825806
524336 786229 0.9998817443847656
524338 786230 0.9998829960823059
524351 786232 0.9998855590820312
524356 786233 0.9998868107795715
524366 786234 0.9998880624771118
524381 786235 0.9998893737792969
524388 786236 0.9998906254768372
524390 786237 0.9998918771743774
524392 786238 0.9998931884765625
524422 786239 0.9998944401741028
524424 786240 0.9998956918716431
524429 786241 0.9998970031738281
524440 786242 0.9998982548713684
524448 786243 0.9998995065689087
524463 786244 0.9999008178710938
524482 786245 0.999902069568634
524487 786246 0.9999033212661743
524491 786248 0.9999058842658997
524501 786249 0.9999071359634399
524506 786250 0.999908447265625
524523 786251 0.9999096989631653
524533 786252 0.9999109506607056
524546 786253 0.9999122619628906
524551 786254 0.9999135136604309
524699 786255 0.9999147653579712
524702 786256 0.9999160766601562
524705 786259 0.9999198913574219
524768 786260 0.9999211430549622
524893 786261 0.9999223947525024
524959 786262 0.9999237060546875
524973 786263 0.9999249577522278
525002 786264 0.9999262094497681
525023 786265 0.9999275207519531
525081 786266 0.9999287724494934
525373 786267 0.9999300837516785
525396 786268 0.9999313354492188
525399 786269 0.999932587146759
525409 786270 0.9999338984489441
525623 786274 0.99993896484375
525673 786275 0.9999402165412903
525690 786276 0.9999415278434753
526786 786277 0.9999427795410156
527017 786278 0.9999440312385559
527107 786279 0.999945342540741
527177 786280 0.9999465942382812
527292 786281 0.9999478459358215
527459 786282 0.9999491572380066
527641 786283 0.9999504089355469
527962 786284 0.9999516606330872
528930 786285 0.9999529719352722
529374 786286 0.9999542236328125
529376 786287 0.9999554753303528
529378 786288 0.9999567866325378
529544 786289 0.9999580383300781
560867 786290 0.9999592900276184
560914 786291 0.9999606013298035
561607 786292 0.9999618530273438
562068 786293 0.999963104724884
562405 786294 0.9999644160270691
562414 786295 0.9999656677246094
562637 786296 0.9999669194221497
562735 786297 0.9999682307243347
578543 786298 0.999969482421875
578545 786299 0.9999707341194153
595581 786300 0.9999720454216003
595588 786301 0.9999732971191406
595594 786302 0.9999745488166809
595614 786303 0.999975860118866
596079 786304 0.9999771118164062
599572 786305 0.9999783635139465
620075 786306 0.9999796748161316
705423 786307 0.9999809265136719
746109 786308 0.9999821782112122
785576 786309 0.9999834895133972
1086229 786310 0.9999847412109375
1086348 786311 0.9999859929084778
1086892 786312 0.9999873042106628
1087080 786313 0.9999885559082031
1087231 786314 0.9999898076057434
1087234 786315 0.9999911189079285
1087292 786316 0.9999923706054688
1087296 786317 0.999993622303009
1087573 786318 0.9999949336051941
1087836 786319 0.9999961853027344
1087866 786320 0.9999974370002747
1089300 786321 0.9999987483024597
1089469 786322 1
